Min Cost: 18173
0	(0, 248, 0)	(0, 5, 0)	(0, 521, 1)	(0, 64, 4)	(0, 130, 6)	(0, 440, 10)	(0, 420, 12)	
1	(1, 513, 10)	(1, 23, 0)	(1, 261, 0)	(1, 69, 1)	(1, 295, 4)	(1, 120, 5)	(1, 103, 6)	(1, 641, 6)	(1, 40, 11)	(1, 297, 18)	
2	(2, 548, 3)	(2, 608, 2)	(2, 78, 5)	(2, 133, 6)	(2, 387, 11)	(2, 146, 13)	(2, 644, 18)	
3	(3, 548, 2)	(3, 81, 8)	(3, 42, 9)	(3, 259, 10)	(3, 129, 11)	(3, 283, 14)	(3, 551, 16)	
4	(4, 134, 8)	(4, 546, 1)	(4, 545, 11)	(4, 72, 12)	
5	(5, 0, 0)	(5, 237, 27)	(5, 621, 50)	(5, 10, 5)	
6	(6, 16, 4)	(6, 38, 2)	(6, 904, 7)	(6, 39, 33)	
7	(7, 23, 8)	(7, 131, 0)	(7, 128, 2)	(7, 67, 10)	
8	(8, 706, 8)	(8, 79, 0)	(8, 25, 0)	(8, 140, 3)	(8, 89, 8)	(8, 808, 13)	(8, 30, 19)	
9	(9, 147, 3)	(9, 685, 63)	
10	(10, 75, 7)	(10, 523, 1)	(10, 394, 10)	(10, 931, 24)	(10, 5, 5)	
11	(11, 89, 6)	(11, 45, 1)	(11, 143, 4)	(11, 155, 5)	(11, 576, 7)	(11, 50, 8)	(11, 73, 11)	(11, 314, 20)	
12	(12, 526, 7)	
13	(13, 197, 11)	(13, 15, 3)	(13, 542, 37)	(13, 743, 41)	
14	(14, 346, 1)	(14, 582, 1)	(14, 586, 20)	(14, 972, 31)	
15	(15, 13, 3)	(15, 415, 2)	(15, 422, 11)	
16	(16, 273, 7)	(16, 567, 3)	(16, 6, 4)	(16, 852, 14)	(16, 664, 45)	
17	(17, 168, 11)	(17, 99, 3)	(17, 223, 78)	
18	(18, 150, 21)	(18, 164, 2)	
19	(19, 83, 13)	(19, 343, 0)	
20	(20, 528, 18)	(20, 87, 2)	(20, 630, 6)	(20, 556, 26)	
21	(21, 37, 10)	(21, 165, 2)	(21, 241, 3)	(21, 585, 8)	(21, 167, 18)	
22	(22, 214, 19)	(22, 28, 8)	
23	(23, 1, 0)	(23, 7, 8)	
24	(24, 152, 6)	(24, 536, 14)	
25	(25, 8, 0)	(25, 505, 18)	
26	(26, 31, 10)	(26, 96, 5)	(26, 446, 7)	(26, 47, 13)	(26, 74, 16)	
27	(27, 710, 11)	(27, 29, 14)	
28	(28, 22, 8)	(28, 410, 9)	(28, 692, 20)	(28, 600, 30)	
29	(29, 27, 14)	(29, 101, 13)	
30	(30, 8, 19)	(30, 444, 22)	
31	(31, 81, 11)	(31, 26, 10)	
32	(32, 776, 7)	(32, 53, 5)	(32, 363, 31)	(32, 941, 43)	
33	(33, 200, 2)	(33, 163, 2)	(33, 160, 7)	(33, 65, 13)	(33, 107, 35)	
34	(34, 322, 15)	
35	(35, 528, 4)	(35, 579, 3)	
36	(36, 41, 8)	(36, 631, 0)	(36, 168, 13)	(36, 524, 18)	
37	(37, 197, 8)	(37, 139, 6)	(37, 68, 7)	(37, 544, 9)	(37, 21, 10)	(37, 116, 23)	
38	(38, 6, 2)	(38, 935, 4)	(38, 678, 11)	(38, 311, 21)	
39	(39, 6, 33)	
40	(40, 1, 11)	(40, 154, 1)	(40, 204, 14)	(40, 429, 28)	
41	(41, 513, 1)	(41, 292, 4)	(41, 681, 4)	(41, 36, 8)	
42	(42, 3, 9)	(42, 416, 1)	(42, 831, 7)	(42, 294, 14)	(42, 234, 37)	
43	(43, 683, 12)	
44	(44, 446, 2)	(44, 679, 5)	
45	(45, 11, 1)	(45, 108, 10)	
46	(46, 79, 19)	
47	(47, 26, 13)	(47, 627, 4)	(47, 114, 14)	(47, 865, 15)	(47, 300, 18)	(47, 175, 26)	
48	(48, 80, 3)	(48, 184, 3)	(48, 151, 3)	(48, 560, 5)	(48, 181, 21)	
49	(49, 112, 12)	(49, 288, 4)	(49, 573, 10)	(49, 51, 35)	
50	(50, 11, 8)	
51	(51, 49, 35)	
52	(52, 550, 6)	(52, 174, 0)	(52, 572, 6)	(52, 878, 7)	(52, 188, 11)	
53	(53, 32, 5)	(53, 470, 12)	(53, 817, 46)	
54	(54, 206, 0)	
55	(55, 85, 8)	(55, 309, 9)	(55, 818, 10)	
56	(56, 104, 2)	
57	(57, 416, 2)	(57, 105, 11)	(57, 665, 28)	
58	(58, 618, 16)	(58, 826, 9)	
59	(59, 282, 8)	(59, 194, 2)	(59, 683, 15)	(59, 799, 23)	
60	(60, 648, 41)	(60, 348, 37)	
61	(61, 141, 15)	
62	(62, 319, 31)	
63	(63, 187, 1)	(63, 127, 79)	
64	(64, 0, 4)	(64, 260, 1)	(64, 310, 7)	(64, 772, 13)	(64, 217, 21)	(64, 943, 26)	
65	(65, 33, 13)	(65, 187, 9)	
66	(66, 80, 3)	(66, 706, 7)	(66, 76, 9)	(66, 230, 9)	(66, 86, 15)	(66, 742, 19)	(66, 978, 27)	
67	(67, 7, 10)	(67, 634, 11)	(67, 323, 11)	
68	(68, 37, 7)	(68, 245, 5)	(68, 180, 6)	(68, 98, 10)	(68, 210, 33)	(68, 709, 37)	
69	(69, 1, 1)	(69, 514, 9)	(69, 848, 11)	
70	(70, 197, 17)	(70, 328, 11)	
71	(71, 593, 8)	
72	(72, 4, 12)	(72, 640, 2)	(72, 330, 7)	
73	(73, 11, 11)	(73, 488, 10)	(73, 497, 12)	(73, 961, 15)	(73, 93, 18)	
74	(74, 26, 16)	(74, 195, 3)	
75	(75, 464, 8)	(75, 10, 7)	
76	(76, 66, 9)	(76, 696, 31)	
77	(77, 333, 9)	(77, 246, 6)	(77, 525, 6)	(77, 202, 11)	(77, 334, 22)	
78	(78, 2, 5)	
79	(79, 8, 0)	(79, 395, 2)	(79, 46, 19)	(79, 430, 40)	
80	(80, 85, 7)	(80, 66, 3)	(80, 48, 3)	(80, 928, 6)	(80, 208, 7)	
81	(81, 3, 8)	(81, 31, 11)	(81, 637, 11)	(81, 744, 30)	
82	(82, 528, 5)	(82, 90, 8)	
83	(83, 466, 3)	(83, 19, 13)	
84	(84, 332, 13)	
85	(85, 213, 0)	(85, 80, 7)	(85, 55, 8)	
86	(86, 66, 15)	
87	(87, 20, 2)	
88	(88, 241, 21)	
89	(89, 8, 8)	(89, 11, 6)	(89, 371, 7)	
90	(90, 82, 8)	
91	(91, 147, 13)	
92	(92, 596, 0)	(92, 476, 17)	(92, 564, 28)	
93	(93, 73, 18)	(93, 383, 6)	
94	(94, 280, 7)	(94, 286, 16)	(94, 597, 18)	(94, 810, 28)	
95	(95, 594, 29)	
96	(96, 26, 5)	(96, 302, 16)	(96, 617, 21)	
97	(97, 365, 8)	(97, 126, 17)	
98	(98, 68, 10)	(98, 354, 1)	
99	(99, 17, 3)	(99, 352, 15)	(99, 491, 33)	
100	(100, 452, 9)	
101	(101, 29, 13)	
102	(102, 630, 8)	
103	(103, 1, 6)	
104	(104, 349, 15)	(104, 56, 2)	
105	(105, 57, 11)	(105, 827, 26)	
106	(106, 650, 4)	(106, 843, 12)	(106, 115, 14)	
107	(107, 33, 35)	
108	(108, 45, 10)	(108, 356, 11)	(108, 233, 17)	(108, 555, 30)	(108, 1016, 67)	
109	(109, 365, 1)	(109, 844, 20)	
110	(110, 189, 8)	
111	(111, 239, 13)	
112	(112, 308, 1)	(112, 728, 6)	(112, 626, 11)	(112, 49, 12)	(112, 380, 22)	(112, 1008, 23)	
113	(113, 120, 10)	
114	(114, 47, 14)	
115	(115, 106, 14)	
116	(116, 37, 23)	(116, 892, 10)	(116, 757, 51)	
117	(117, 831, 29)	(117, 161, 52)	
118	(118, 308, 3)	
119	(119, 738, 19)	
120	(120, 1, 5)	(120, 113, 10)	
121	(121, 200, 9)	
122	(122, 329, 14)	(122, 606, 11)	
123	(123, 355, 4)	
124	(124, 564, 28)	
125	(125, 249, 8)	(125, 381, 77)	
126	(126, 97, 17)	
127	(127, 63, 79)	
128	(128, 7, 2)	(128, 400, 0)	(128, 538, 13)	(128, 917, 39)	
129	(129, 3, 11)	(129, 620, 11)	
130	(130, 0, 6)	(130, 962, 3)	(130, 704, 6)	(130, 274, 6)	(130, 642, 9)	(130, 690, 35)	
131	(131, 7, 0)	(131, 206, 7)	
132	(132, 324, 0)	(132, 212, 3)	(132, 965, 35)	
133	(133, 2, 6)	(133, 1005, 1)	(133, 643, 18)	
134	(134, 140, 8)	(134, 4, 8)	(134, 412, 17)	
135	(135, 908, 15)	(135, 487, 49)	
136	(136, 520, 10)	(136, 408, 12)	
137	(137, 165, 7)	(137, 185, 6)	(137, 235, 6)	(137, 389, 30)	
138	(138, 168, 3)	(138, 152, 0)	
139	(139, 37, 6)	(139, 150, 15)	
140	(140, 8, 3)	(140, 477, 7)	(140, 134, 8)	(140, 252, 44)	
141	(141, 143, 6)	(141, 193, 10)	(141, 61, 15)	
142	(142, 650, 21)	
143	(143, 11, 4)	(143, 197, 0)	(143, 255, 1)	(143, 141, 6)	(143, 222, 9)	
144	(144, 626, 11)	(144, 794, 8)	(144, 159, 15)	
145	(145, 514, 17)	(145, 663, 21)	(145, 758, 59)	
146	(146, 2, 13)	(146, 147, 2)	(146, 214, 9)	(146, 190, 13)	
147	(147, 146, 2)	(147, 9, 3)	(147, 91, 13)	
148	(148, 417, 18)	(148, 215, 1)	(148, 508, 15)	
149	(149, 783, 52)	
150	(150, 139, 15)	(150, 596, 10)	(150, 18, 21)	
151	(151, 48, 3)	(151, 209, 12)	
152	(152, 138, 0)	(152, 24, 6)	(152, 153, 16)	
153	(153, 152, 16)	
154	(154, 40, 1)	
155	(155, 11, 5)	(155, 731, 22)	(155, 264, 27)	
156	(156, 540, 4)	(156, 280, 2)	
157	(157, 532, 14)	
158	(158, 794, 6)	
159	(159, 144, 15)	
160	(160, 33, 7)	(160, 402, 4)	(160, 516, 5)	(160, 486, 6)	(160, 649, 7)	(160, 804, 11)	
161	(161, 117, 52)	(161, 836, 54)	
162	(162, 176, 1)	
163	(163, 33, 2)	
164	(164, 18, 2)	(164, 196, 3)	
165	(165, 21, 2)	(165, 137, 7)	
166	(166, 386, 7)	(166, 610, 2)	(166, 662, 31)	
167	(167, 21, 18)	
168	(168, 36, 13)	(168, 138, 3)	(168, 698, 5)	(168, 17, 11)	
169	(169, 715, 4)	(169, 953, 2)	
170	(170, 904, 1)	
171	(171, 615, 10)	
172	(172, 692, 23)	(172, 218, 17)	
173	(173, 204, 15)	(173, 746, 67)	
174	(174, 52, 0)	(174, 674, 2)	(174, 702, 18)	
175	(175, 47, 26)	
176	(176, 962, 7)	(176, 162, 1)	(176, 198, 4)	(176, 240, 17)	
177	(177, 283, 19)	(177, 435, 21)	
178	(178, 274, 11)	
179	(179, 195, 16)	(179, 535, 23)	
180	(180, 68, 6)	
181	(181, 48, 21)	
182	(182, 675, 3)	(182, 672, 2)	(182, 660, 6)	
183	(183, 374, 54)	
184	(184, 48, 3)	(184, 693, 37)	
185	(185, 137, 6)	
186	(186, 675, 8)	(186, 824, 24)	
187	(187, 65, 9)	(187, 63, 1)	(187, 713, 15)	
188	(188, 52, 11)	(188, 1022, 40)	
189	(189, 780, 12)	(189, 318, 3)	(189, 349, 4)	(189, 110, 8)	(189, 351, 54)	
190	(190, 146, 13)	(190, 727, 59)	
191	(191, 748, 21)	
192	(192, 193, 4)	(192, 705, 10)	(192, 986, 17)	(192, 872, 50)	
193	(193, 141, 10)	(193, 192, 4)	(193, 752, 15)	(193, 729, 18)	
194	(194, 59, 2)	(194, 675, 1)	
195	(195, 74, 3)	(195, 179, 16)	(195, 580, 19)	
196	(196, 164, 3)	
197	(197, 143, 0)	(197, 37, 8)	(197, 13, 11)	(197, 70, 17)	
198	(198, 176, 4)	(198, 652, 2)	(198, 938, 10)	
199	(199, 385, 10)	
200	(200, 260, 0)	(200, 33, 2)	(200, 121, 9)	
201	(201, 451, 5)	
202	(202, 77, 11)	(202, 452, 5)	
203	(203, 234, 20)	(203, 219, 19)	
204	(204, 40, 14)	(204, 205, 9)	(204, 173, 15)	
205	(205, 204, 9)	(205, 509, 7)	
206	(206, 131, 7)	(206, 54, 0)	(206, 520, 10)	
207	(207, 211, 2)	
208	(208, 80, 7)	(208, 227, 0)	(208, 228, 17)	(208, 625, 47)	
209	(209, 151, 12)	(209, 466, 4)	
210	(210, 68, 33)	
211	(211, 688, 22)	(211, 207, 2)	
212	(212, 132, 3)	(212, 736, 4)	
213	(213, 469, 10)	(213, 85, 0)	(213, 468, 17)	
214	(214, 146, 9)	(214, 482, 3)	(214, 22, 19)	
215	(215, 148, 1)	
216	(216, 451, 19)	(216, 496, 9)	(216, 220, 26)	
217	(217, 64, 21)	
218	(218, 172, 17)	(218, 699, 0)	(218, 714, 59)	
219	(219, 203, 19)	
220	(220, 216, 26)	(220, 221, 54)	
221	(221, 220, 54)	
222	(222, 143, 9)	(222, 238, 39)	
223	(223, 17, 78)	
224	(224, 672, 1)	(224, 993, 21)	(224, 232, 35)	
225	(225, 897, 1)	
226	(226, 227, 15)	
227	(227, 208, 0)	(227, 418, 7)	(227, 867, 9)	(227, 970, 13)	(227, 226, 15)	
228	(228, 208, 17)	(228, 316, 5)	(228, 298, 6)	(228, 739, 57)	
229	(229, 612, 12)	(229, 741, 5)	
230	(230, 66, 9)	
231	(231, 485, 15)	
232	(232, 224, 35)	
233	(233, 108, 17)	
234	(234, 42, 37)	(234, 203, 20)	
235	(235, 137, 6)	(235, 498, 38)	
236	(236, 302, 0)	
237	(237, 5, 27)	
238	(238, 222, 39)	
239	(239, 626, 22)	(239, 111, 13)	(239, 253, 64)	
240	(240, 176, 17)	
241	(241, 21, 3)	(241, 88, 21)	(241, 242, 23)	
242	(242, 241, 23)	
243	(243, 595, 0)	
244	(244, 466, 3)	
245	(245, 68, 5)	
246	(246, 77, 6)	
247	(247, 278, 3)	(247, 647, 56)	
248	(248, 0, 0)	
249	(249, 416, 2)	(249, 125, 8)	
250	(250, 627, 0)	
251	(251, 554, 9)	
252	(252, 140, 44)	
253	(253, 239, 64)	
254	(254, 255, 19)	
255	(255, 143, 1)	(255, 254, 19)	
256	(256, 416, 6)	
257	(257, 355, 21)	(257, 689, 14)	(257, 777, 27)	(257, 458, 34)	
258	(258, 792, 3)	(258, 265, 2)	
259	(259, 3, 10)	(259, 386, 0)	(259, 266, 10)	(259, 271, 39)	
260	(260, 64, 1)	(260, 200, 0)	
261	(261, 1, 0)	(261, 273, 0)	
262	(262, 405, 6)	(262, 338, 5)	(262, 775, 8)	
263	(263, 846, 0)	(263, 919, 20)	
264	(264, 155, 27)	
265	(265, 258, 2)	(265, 269, 6)	(265, 281, 19)	
266	(266, 259, 10)	(266, 282, 13)	(266, 1003, 38)	
267	(267, 795, 8)	
268	(268, 396, 18)	(268, 373, 7)	(268, 293, 8)	(268, 438, 22)	
269	(269, 265, 6)	(269, 428, 11)	(269, 781, 13)	
270	(270, 314, 27)	(270, 937, 29)	(270, 838, 31)	
271	(271, 259, 39)	
272	(272, 831, 5)	(272, 840, 3)	(272, 405, 3)	(272, 888, 10)	(272, 432, 12)	(272, 313, 26)	
273	(273, 261, 0)	(273, 923, 6)	(273, 16, 7)	(273, 897, 12)	(273, 883, 43)	
274	(274, 130, 6)	(274, 305, 0)	(274, 526, 2)	(274, 178, 11)	(274, 730, 20)	
275	(275, 321, 19)	
276	(276, 577, 15)	(276, 797, 1)	(276, 285, 9)	
277	(277, 386, 31)	
278	(278, 415, 6)	(278, 247, 3)	
279	(279, 407, 9)	(279, 922, 5)	(279, 531, 7)	(279, 421, 37)	
280	(280, 156, 2)	(280, 94, 7)	
281	(281, 265, 19)	
282	(282, 266, 13)	(282, 650, 5)	(282, 59, 8)	(282, 793, 12)	(282, 534, 19)	
283	(283, 3, 14)	(283, 778, 13)	(283, 177, 19)	
284	(284, 366, 20)	
285	(285, 276, 9)	(285, 345, 56)	
286	(286, 94, 16)	(286, 375, 57)	
287	(287, 317, 1)	(287, 666, 5)	
288	(288, 49, 4)	(288, 779, 14)	
289	(289, 292, 2)	(289, 333, 3)	
290	(290, 392, 15)	(290, 828, 36)	
291	(291, 611, 5)	
292	(292, 41, 4)	(292, 289, 2)	
293	(293, 268, 8)	(293, 812, 16)	
294	(294, 42, 14)	(294, 434, 9)	
295	(295, 1, 4)	
296	(296, 572, 1)	(296, 325, 3)	(296, 1011, 8)	
297	(297, 1, 18)	
298	(298, 228, 6)	
299	(299, 491, 7)	(299, 847, 82)	
300	(300, 47, 18)	
301	(301, 553, 3)	(301, 635, 10)	(301, 807, 10)	
302	(302, 96, 16)	(302, 236, 0)	
303	(303, 366, 30)	
304	(304, 1008, 18)	
305	(305, 274, 0)	
306	(306, 770, 8)	
307	(307, 689, 24)	
308	(308, 804, 6)	(308, 112, 1)	(308, 700, 2)	(308, 118, 3)	(308, 414, 28)	
309	(309, 55, 9)	
310	(310, 64, 7)	(310, 849, 10)	
311	(311, 38, 21)	
312	(312, 624, 2)	
313	(313, 272, 26)	
314	(314, 11, 20)	(314, 270, 27)	(314, 315, 54)	
315	(315, 314, 54)	
316	(316, 228, 5)	
317	(317, 319, 1)	(317, 287, 1)	(317, 806, 29)	
318	(318, 189, 3)	
319	(319, 807, 12)	(319, 317, 1)	(319, 445, 27)	(319, 62, 31)	
320	(320, 840, 5)	(320, 786, 1)	(320, 875, 14)	
321	(321, 704, 14)	(321, 275, 19)	
322	(322, 832, 10)	(322, 34, 15)	(322, 450, 17)	
323	(323, 67, 11)	
324	(324, 866, 2)	(324, 132, 0)	
325	(325, 296, 3)	(325, 359, 17)	
326	(326, 462, 10)	
327	(327, 770, 7)	(327, 454, 34)	
328	(328, 70, 11)	(328, 958, 44)	
329	(329, 837, 5)	(329, 122, 14)	(329, 733, 60)	(329, 956, 70)	
330	(330, 72, 7)	
331	(331, 694, 17)	
332	(332, 516, 10)	(332, 390, 10)	(332, 84, 13)	
333	(333, 289, 3)	(333, 77, 9)	
334	(334, 77, 22)	(334, 376, 3)	
335	(335, 882, 10)	(335, 357, 16)	
336	(336, 514, 2)	(336, 457, 14)	(336, 368, 15)	
337	(337, 353, 51)	(337, 975, 60)	
338	(338, 262, 5)	(338, 856, 3)	(338, 787, 4)	(338, 479, 52)	(338, 467, 81)	
339	(339, 389, 24)	(339, 607, 70)	
340	(340, 598, 15)	(340, 839, 63)	
341	(341, 469, 6)	
342	(342, 799, 42)	
343	(343, 19, 0)	(343, 821, 31)	
344	(344, 904, 7)	(344, 350, 13)	(344, 353, 17)	
345	(345, 285, 56)	
346	(346, 570, 24)	(346, 14, 1)	
347	(347, 793, 21)	
348	(348, 60, 37)	
349	(349, 189, 4)	(349, 104, 15)	
350	(350, 344, 13)	
351	(351, 189, 54)	
352	(352, 99, 15)	
353	(353, 344, 17)	(353, 871, 22)	(353, 337, 51)	
354	(354, 98, 1)	
355	(355, 451, 17)	(355, 123, 4)	(355, 480, 18)	(355, 257, 21)	
356	(356, 108, 11)	(356, 364, 17)	(356, 378, 23)	
357	(357, 335, 16)	
358	(358, 482, 4)	
359	(359, 325, 17)	
360	(360, 611, 14)	
361	(361, 865, 6)	
362	(362, 747, 31)	
363	(363, 32, 31)	(363, 619, 6)	(363, 891, 46)	
364	(364, 356, 17)	
365	(365, 424, 12)	(365, 109, 1)	(365, 97, 8)	(365, 877, 18)	
366	(366, 494, 4)	(366, 284, 20)	(366, 303, 30)	(366, 473, 39)	
367	(367, 887, 7)	(367, 623, 47)	
368	(368, 336, 15)	
369	(369, 370, 27)	
370	(370, 378, 21)	(370, 369, 27)	(370, 833, 40)	
371	(371, 89, 7)	
372	(372, 1008, 10)	(372, 785, 26)	
373	(373, 268, 7)	(373, 868, 23)	(373, 823, 91)	
374	(374, 928, 3)	(374, 183, 54)	
375	(375, 286, 57)	
376	(376, 334, 3)	
377	(377, 496, 17)	(377, 493, 30)	
378	(378, 356, 23)	(378, 370, 21)	
379	(379, 772, 14)	
380	(380, 112, 22)	
381	(381, 125, 77)	
382	(382, 438, 36)	
383	(383, 93, 6)	
384	(384, 392, 9)	
385	(385, 404, 8)	(385, 199, 10)	
386	(386, 259, 0)	(386, 915, 0)	(386, 166, 7)	(386, 686, 12)	(386, 771, 25)	(386, 277, 31)	(386, 406, 52)	
387	(387, 2, 11)	(387, 924, 57)	
388	(388, 452, 2)	
389	(389, 137, 30)	(389, 339, 24)	
390	(390, 332, 10)	(390, 474, 4)	
391	(391, 490, 24)	
392	(392, 904, 0)	(392, 384, 9)	(392, 290, 15)	(392, 485, 27)	
393	(393, 472, 5)	
394	(394, 10, 10)	(394, 460, 18)	
395	(395, 79, 2)	
396	(396, 698, 2)	(396, 876, 5)	(396, 268, 18)	(396, 398, 26)	
397	(397, 399, 7)	
398	(398, 396, 26)	(398, 911, 18)	
399	(399, 424, 7)	(399, 397, 7)	(399, 909, 9)	
400	(400, 128, 0)	
401	(401, 508, 14)	
402	(402, 160, 4)	
403	(403, 769, 36)	
404	(404, 741, 11)	(404, 385, 8)	
405	(405, 272, 3)	(405, 262, 6)	
406	(406, 386, 52)	
407	(407, 675, 0)	(407, 279, 9)	
408	(408, 136, 12)	
409	(409, 895, 40)	
410	(410, 28, 9)	(410, 499, 70)	(410, 442, 71)	
411	(411, 415, 8)	
412	(412, 134, 17)	
413	(413, 481, 26)	
414	(414, 308, 28)	
415	(415, 15, 2)	(415, 425, 3)	(415, 278, 6)	(415, 411, 8)	
416	(416, 42, 1)	(416, 249, 2)	(416, 57, 2)	(416, 417, 5)	(416, 832, 5)	(416, 256, 6)	(416, 426, 19)	
417	(417, 416, 5)	(417, 148, 18)	
418	(418, 227, 7)	
419	(419, 705, 7)	
420	(420, 0, 12)	(420, 463, 52)	
421	(421, 279, 37)	
422	(422, 15, 11)	(422, 528, 3)	(422, 494, 7)	
423	(423, 646, 5)	
424	(424, 928, 11)	(424, 465, 0)	(424, 780, 2)	(424, 399, 7)	(424, 571, 12)	(424, 365, 12)	(424, 492, 79)	
425	(425, 415, 3)	
426	(426, 416, 19)	
427	(427, 544, 3)	
428	(428, 269, 11)	
429	(429, 40, 28)	(429, 791, 34)	
430	(430, 79, 40)	
431	(431, 688, 39)	
432	(432, 272, 12)	(432, 581, 0)	
433	(433, 753, 55)	
434	(434, 294, 9)	
435	(435, 177, 21)	
436	(436, 484, 8)	(436, 441, 28)	
437	(437, 445, 28)	
438	(438, 268, 22)	(438, 995, 16)	(438, 439, 23)	(438, 382, 36)	
439	(439, 438, 23)	
440	(440, 0, 10)	(440, 920, 8)	
441	(441, 436, 28)	
442	(442, 410, 71)	
443	(443, 753, 8)	
444	(444, 30, 22)	
445	(445, 319, 27)	(445, 437, 28)	
446	(446, 26, 7)	(446, 44, 2)	(446, 988, 71)	
447	(447, 655, 39)	
448	(448, 457, 15)	(448, 976, 3)	
449	(449, 464, 20)	(449, 501, 18)	
450	(450, 322, 17)	
451	(451, 457, 15)	(451, 201, 5)	(451, 355, 17)	(451, 216, 19)	(451, 841, 26)	
452	(452, 202, 5)	(452, 388, 2)	(452, 100, 9)	
453	(453, 709, 10)	
454	(454, 327, 34)	
455	(455, 914, 20)	
456	(456, 921, 10)	
457	(457, 336, 14)	(457, 515, 6)	(457, 451, 15)	(457, 448, 15)	(457, 734, 33)	
458	(458, 257, 34)	
459	(459, 848, 72)	
460	(460, 394, 18)	
461	(461, 782, 24)	
462	(462, 496, 25)	(462, 326, 10)	
463	(463, 420, 52)	
464	(464, 75, 8)	(464, 449, 20)	
465	(465, 424, 0)	
466	(466, 209, 4)	(466, 244, 3)	(466, 83, 3)	
467	(467, 338, 81)	
468	(468, 213, 17)	
469	(469, 540, 7)	(469, 341, 6)	(469, 213, 10)	(469, 983, 48)	
470	(470, 53, 12)	
471	(471, 903, 53)	
472	(472, 856, 8)	(472, 478, 0)	(472, 393, 5)	(472, 881, 10)	
473	(473, 366, 39)	(473, 969, 10)	
474	(474, 390, 4)	
475	(475, 667, 24)	
476	(476, 92, 17)	
477	(477, 140, 7)	
478	(478, 472, 0)	(478, 738, 7)	
479	(479, 338, 52)	
480	(480, 355, 18)	(480, 484, 12)	
481	(481, 576, 15)	(481, 963, 18)	(481, 413, 26)	
482	(482, 214, 3)	(482, 358, 4)	(482, 748, 6)	
483	(483, 878, 7)	
484	(484, 480, 12)	(484, 436, 8)	(484, 1013, 16)	
485	(485, 392, 27)	(485, 231, 15)	
486	(486, 160, 6)	
487	(487, 135, 49)	
488	(488, 73, 10)	(488, 869, 3)	(488, 506, 20)	
489	(489, 509, 13)	
490	(490, 754, 10)	(490, 391, 24)	(490, 511, 63)	
491	(491, 99, 33)	(491, 299, 7)	(491, 989, 91)	
492	(492, 424, 79)	(492, 894, 63)	
493	(493, 377, 30)	
494	(494, 422, 7)	(494, 366, 4)	(494, 942, 24)	
495	(495, 751, 64)	
496	(496, 216, 9)	(496, 377, 17)	(496, 500, 18)	(496, 462, 25)	
497	(497, 73, 12)	(497, 763, 19)	
498	(498, 235, 38)	(498, 996, 41)	
499	(499, 410, 70)	
500	(500, 496, 18)	(500, 948, 11)	
501	(501, 449, 18)	(501, 893, 0)	
502	(502, 1015, 11)	
503	(503, 996, 32)	
504	(504, 1012, 1)	(504, 887, 0)	(504, 1020, 4)	(504, 715, 6)	
505	(505, 25, 18)	
506	(506, 488, 20)	(506, 762, 78)	
507	(507, 1007, 51)	
508	(508, 148, 15)	(508, 401, 14)	
509	(509, 205, 7)	(509, 489, 13)	
510	(510, 972, 72)	
511	(511, 490, 63)	
512	(512, 649, 5)	(512, 540, 6)	(512, 720, 11)	(512, 737, 20)	(512, 814, 60)	
513	(513, 544, 8)	(513, 41, 1)	(513, 537, 4)	(513, 1, 10)	(513, 588, 16)	(513, 813, 36)	
514	(514, 69, 9)	(514, 336, 2)	(514, 598, 10)	(514, 145, 17)	(514, 554, 31)	
515	(515, 457, 6)	
516	(516, 160, 5)	(516, 563, 4)	(516, 550, 8)	(516, 332, 10)	(516, 614, 10)	(516, 861, 25)	
517	(517, 580, 11)	(517, 633, 4)	(517, 845, 4)	(517, 853, 7)	
518	(518, 804, 11)	(518, 628, 1)	(518, 802, 2)	
519	(519, 575, 1)	
520	(520, 206, 10)	(520, 654, 3)	(520, 776, 6)	(520, 136, 10)	
521	(521, 0, 1)	(521, 590, 0)	(521, 987, 30)	
522	(522, 527, 2)	(522, 745, 10)	(522, 603, 24)	
523	(523, 10, 1)	(523, 530, 2)	(523, 682, 34)	(523, 735, 34)	
524	(524, 36, 18)	(524, 798, 10)	
525	(525, 77, 6)	(525, 783, 11)	(525, 913, 35)	
526	(526, 274, 2)	(526, 12, 7)	(526, 918, 12)	
527	(527, 650, 20)	(527, 522, 2)	
528	(528, 422, 3)	(528, 35, 4)	(528, 82, 5)	(528, 20, 18)	(528, 790, 23)	
529	(529, 793, 6)	(529, 656, 3)	(529, 624, 32)	
530	(530, 523, 2)	(530, 595, 0)	(530, 722, 13)	(530, 985, 16)	
531	(531, 279, 7)	(531, 594, 2)	
532	(532, 640, 0)	(532, 157, 14)	(532, 820, 19)	
533	(533, 597, 15)	
534	(534, 282, 19)	
535	(535, 179, 23)	
536	(536, 24, 14)	
537	(537, 513, 4)	(537, 541, 5)	
538	(538, 128, 13)	(538, 539, 6)	(538, 926, 18)	
539	(539, 538, 6)	
540	(540, 512, 6)	(540, 156, 4)	(540, 796, 7)	(540, 469, 7)	(540, 605, 45)	
541	(541, 537, 5)	(541, 829, 12)	(541, 645, 22)	
542	(542, 13, 37)	(542, 724, 47)	
543	(543, 573, 30)	
544	(544, 37, 9)	(544, 427, 3)	(544, 513, 8)	
545	(545, 4, 11)	(545, 553, 14)	(545, 561, 73)	
546	(546, 4, 1)	(546, 658, 23)	
547	(547, 874, 2)	(547, 609, 1)	(547, 707, 21)	
548	(548, 560, 4)	(548, 3, 2)	(548, 2, 3)	(548, 565, 13)	(548, 964, 31)	
549	(549, 616, 24)	
550	(550, 516, 8)	(550, 52, 6)	
551	(551, 3, 16)	
552	(552, 608, 5)	(552, 837, 10)	(552, 697, 14)	
553	(553, 545, 14)	(553, 301, 3)	
554	(554, 514, 31)	(554, 251, 9)	
555	(555, 108, 30)	
556	(556, 20, 26)	(556, 934, 17)	
557	(557, 564, 8)	(557, 719, 59)	
558	(558, 796, 14)	(558, 676, 42)	
559	(559, 1005, 43)	
560	(560, 48, 5)	(560, 548, 4)	
561	(561, 545, 73)	
562	(562, 641, 19)	
563	(563, 516, 4)	
564	(564, 92, 28)	(564, 557, 8)	(564, 124, 28)	
565	(565, 548, 13)	(565, 569, 32)	
566	(566, 726, 5)	
567	(567, 16, 3)	(567, 916, 1)	(567, 822, 70)	
568	(568, 628, 10)	
569	(569, 565, 32)	(569, 765, 60)	
570	(570, 824, 5)	(570, 346, 24)	
571	(571, 424, 12)	
572	(572, 52, 6)	(572, 296, 1)	
573	(573, 49, 10)	(573, 543, 30)	
574	(574, 980, 46)	(574, 957, 49)	
575	(575, 950, 4)	(575, 519, 1)	
576	(576, 11, 7)	(576, 481, 15)	
577	(577, 588, 8)	(577, 276, 15)	
578	(578, 610, 10)	(578, 760, 0)	(578, 611, 17)	(578, 1018, 46)	
579	(579, 35, 3)	(579, 708, 19)	
580	(580, 195, 19)	(580, 517, 11)	(580, 710, 18)	
581	(581, 432, 0)	
582	(582, 14, 1)	
583	(583, 840, 9)	(583, 711, 62)	
584	(584, 852, 0)	(584, 716, 20)	(584, 815, 20)	
585	(585, 21, 8)	
586	(586, 14, 20)	
587	(587, 643, 14)	
588	(588, 513, 16)	(588, 577, 8)	
589	(589, 705, 1)	
590	(590, 521, 0)	
591	(591, 962, 25)	
592	(592, 620, 0)	(592, 601, 17)	
593	(593, 601, 6)	(593, 862, 4)	(593, 71, 8)	
594	(594, 531, 2)	(594, 863, 28)	(594, 95, 29)	
595	(595, 530, 0)	(595, 243, 0)	(595, 859, 33)	
596	(596, 150, 10)	(596, 92, 0)	
597	(597, 94, 18)	(597, 850, 1)	(597, 533, 15)	
598	(598, 514, 10)	(598, 340, 15)	
599	(599, 705, 23)	
600	(600, 28, 30)	
601	(601, 592, 17)	(601, 593, 6)	
602	(602, 986, 10)	
603	(603, 522, 24)	
604	(604, 708, 6)	
605	(605, 540, 45)	(605, 873, 54)	
606	(606, 122, 11)	
607	(607, 339, 70)	
608	(608, 2, 2)	(608, 552, 5)	(608, 932, 11)	
609	(609, 547, 1)	
610	(610, 166, 2)	(610, 578, 10)	(610, 756, 30)	
611	(611, 578, 17)	(611, 291, 5)	(611, 360, 14)	
612	(612, 644, 13)	(612, 866, 1)	(612, 229, 12)	(612, 884, 48)	
613	(613, 708, 11)	
614	(614, 516, 10)	
615	(615, 868, 14)	(615, 171, 10)	
616	(616, 649, 2)	(616, 549, 24)	
617	(617, 96, 21)	
618	(618, 720, 2)	(618, 58, 16)	
619	(619, 363, 6)	
620	(620, 129, 11)	(620, 592, 0)	
621	(621, 5, 50)	
622	(622, 840, 19)	
623	(623, 367, 47)	(623, 1000, 54)	
624	(624, 529, 32)	(624, 312, 2)	
625	(625, 208, 47)	
626	(626, 112, 11)	(626, 144, 11)	(626, 239, 22)	
627	(627, 47, 4)	(627, 250, 0)	(627, 889, 51)	(627, 691, 60)	
628	(628, 518, 1)	(628, 568, 10)	
629	(629, 637, 1)	
630	(630, 20, 6)	(630, 102, 8)	
631	(631, 36, 0)	
632	(632, 738, 13)	
633	(633, 517, 4)	(633, 753, 59)	
634	(634, 67, 11)	
635	(635, 301, 10)	
636	(636, 700, 10)	
637	(637, 81, 11)	(637, 629, 1)	
638	(638, 841, 10)	
639	(639, 841, 0)	
640	(640, 72, 2)	(640, 532, 0)	(640, 992, 8)	(640, 929, 18)	(640, 952, 60)	
641	(641, 1, 6)	(641, 562, 19)	
642	(642, 130, 9)	
643	(643, 133, 18)	(643, 587, 14)	
644	(644, 2, 18)	(644, 612, 13)	
645	(645, 541, 22)	
646	(646, 674, 1)	(646, 423, 5)	(646, 648, 12)	
647	(647, 247, 56)	
648	(648, 646, 12)	(648, 906, 4)	(648, 60, 41)	
649	(649, 160, 7)	(649, 616, 2)	(649, 512, 5)	(649, 651, 50)	
650	(650, 282, 5)	(650, 106, 4)	(650, 910, 17)	(650, 527, 20)	(650, 142, 21)	
651	(651, 649, 50)	
652	(652, 198, 2)	
653	(653, 792, 52)	(653, 901, 31)	
654	(654, 520, 3)	(654, 668, 0)	
655	(655, 731, 22)	(655, 447, 39)	
656	(656, 529, 3)	(656, 695, 93)	
657	(657, 674, 9)	(657, 977, 26)	(657, 725, 50)	
658	(658, 546, 23)	(658, 1010, 20)	
659	(659, 976, 4)	
660	(660, 182, 6)	
661	(661, 921, 0)	
662	(662, 166, 31)	
663	(663, 145, 21)	
664	(664, 16, 45)	
665	(665, 57, 28)	
666	(666, 287, 5)	(666, 667, 52)	
667	(667, 666, 52)	(667, 475, 24)	
668	(668, 654, 0)	
669	(669, 862, 16)	
670	(670, 733, 57)	(670, 671, 47)	(670, 858, 68)	
671	(671, 670, 47)	
672	(672, 182, 2)	(672, 224, 1)	
673	(673, 760, 25)	(673, 754, 7)	(673, 819, 29)	
674	(674, 174, 2)	(674, 646, 1)	(674, 657, 9)	
675	(675, 194, 1)	(675, 407, 0)	(675, 182, 3)	(675, 186, 8)	
676	(676, 558, 42)	
677	(677, 704, 1)	
678	(678, 38, 11)	(678, 770, 4)	
679	(679, 44, 5)	
680	(680, 698, 0)	
681	(681, 41, 4)	(681, 712, 42)	
682	(682, 523, 34)	
683	(683, 59, 15)	(683, 43, 12)	
684	(684, 754, 18)	(684, 1004, 17)	
685	(685, 9, 63)	
686	(686, 386, 12)	(686, 687, 11)	
687	(687, 686, 11)	
688	(688, 896, 34)	(688, 211, 22)	(688, 431, 39)	
689	(689, 257, 14)	(689, 307, 24)	
690	(690, 130, 35)	
691	(691, 627, 60)	
692	(692, 28, 20)	(692, 172, 23)	
693	(693, 184, 37)	
694	(694, 951, 6)	(694, 331, 17)	
695	(695, 656, 93)	
696	(696, 76, 31)	
697	(697, 552, 14)	
698	(698, 168, 5)	(698, 680, 0)	(698, 396, 2)	
699	(699, 218, 0)	
700	(700, 308, 2)	(700, 764, 3)	(700, 636, 10)	(700, 959, 84)	
701	(701, 799, 35)	(701, 1001, 51)	
702	(702, 174, 18)	
703	(703, 887, 0)	(703, 954, 3)	
704	(704, 130, 6)	(704, 677, 1)	(704, 321, 14)	
705	(705, 192, 10)	(705, 589, 1)	(705, 419, 7)	(705, 599, 23)	
706	(706, 66, 7)	(706, 8, 8)	
707	(707, 547, 21)	(707, 898, 56)	
708	(708, 579, 19)	(708, 604, 6)	(708, 613, 11)	
709	(709, 68, 37)	(709, 721, 2)	(709, 453, 10)	
710	(710, 580, 18)	(710, 27, 11)	
711	(711, 583, 62)	
712	(712, 681, 42)	
713	(713, 187, 15)	
714	(714, 218, 59)	
715	(715, 504, 6)	(715, 169, 4)	
716	(716, 584, 20)	(716, 973, 46)	
717	(717, 908, 69)	
718	(718, 1006, 0)	
719	(719, 557, 59)	
720	(720, 512, 11)	(720, 618, 2)	
721	(721, 709, 2)	
722	(722, 530, 13)	(722, 726, 27)	
723	(723, 725, 12)	
724	(724, 542, 47)	
725	(725, 657, 50)	(725, 723, 12)	
726	(726, 722, 27)	(726, 566, 5)	(726, 854, 17)	(726, 982, 30)	
727	(727, 190, 59)	
728	(728, 112, 6)	
729	(729, 193, 18)	
730	(730, 274, 20)	
731	(731, 155, 22)	(731, 655, 22)	
732	(732, 896, 65)	
733	(733, 329, 60)	(733, 670, 57)	
734	(734, 457, 33)	
735	(735, 523, 34)	
736	(736, 212, 4)	
737	(737, 512, 20)	
738	(738, 478, 7)	(738, 632, 13)	(738, 119, 19)	
739	(739, 228, 57)	
740	(740, 808, 37)	
741	(741, 229, 5)	(741, 404, 11)	
742	(742, 66, 19)	
743	(743, 13, 41)	
744	(744, 81, 30)	(744, 960, 6)	
745	(745, 522, 10)	(745, 766, 76)	
746	(746, 173, 67)	
747	(747, 867, 19)	(747, 362, 31)	(747, 751, 57)	
748	(748, 482, 6)	(748, 191, 21)	
749	(749, 760, 6)	
750	(750, 974, 92)	
751	(751, 747, 57)	(751, 495, 64)	
752	(752, 193, 15)	
753	(753, 633, 59)	(753, 443, 8)	(753, 433, 55)	
754	(754, 673, 7)	(754, 946, 4)	(754, 490, 10)	(754, 684, 18)	
755	(755, 761, 88)	(755, 1019, 60)	
756	(756, 610, 30)	(756, 761, 3)	
757	(757, 116, 51)	
758	(758, 145, 59)	
759	(759, 931, 58)	
760	(760, 578, 0)	(760, 749, 6)	(760, 673, 25)	
761	(761, 756, 3)	(761, 755, 88)	
762	(762, 506, 78)	
763	(763, 497, 19)	
764	(764, 700, 3)	
765	(765, 569, 60)	
766	(766, 745, 76)	
767	(767, 844, 8)	
768	(768, 772, 24)	(768, 896, 23)	
769	(769, 771, 21)	(769, 947, 1)	(769, 773, 11)	(769, 403, 36)	
770	(770, 678, 4)	(770, 327, 7)	(770, 306, 8)	(770, 834, 18)	(770, 805, 22)	
771	(771, 386, 25)	(771, 885, 14)	(771, 769, 21)	
772	(772, 64, 13)	(772, 379, 14)	(772, 768, 24)	
773	(773, 769, 11)	
774	(774, 776, 23)	
775	(775, 262, 8)	(775, 1014, 53)	
776	(776, 520, 6)	(776, 32, 7)	(776, 921, 22)	(776, 774, 23)	
777	(777, 257, 27)	
778	(778, 283, 13)	(778, 782, 15)	
779	(779, 288, 14)	(779, 792, 1)	
780	(780, 424, 2)	(780, 189, 12)	
781	(781, 269, 13)	(781, 857, 2)	
782	(782, 778, 15)	(782, 461, 24)	
783	(783, 525, 11)	(783, 870, 16)	(783, 149, 52)	
784	(784, 860, 4)	(784, 968, 1)	(784, 1017, 40)	
785	(785, 372, 26)	(785, 789, 7)	
786	(786, 320, 1)	
787	(787, 338, 4)	(787, 795, 1)	
788	(788, 826, 14)	
789	(789, 785, 7)	
790	(790, 528, 23)	(790, 966, 72)	
791	(791, 429, 34)	(791, 835, 33)	
792	(792, 779, 1)	(792, 258, 3)	(792, 653, 52)	
793	(793, 282, 12)	(793, 991, 0)	(793, 529, 6)	(793, 347, 21)	
794	(794, 144, 8)	(794, 158, 6)	
795	(795, 787, 1)	(795, 267, 8)	
796	(796, 540, 7)	(796, 558, 14)	(796, 981, 18)	
797	(797, 276, 1)	
798	(798, 524, 10)	(798, 830, 0)	
799	(799, 59, 23)	(799, 701, 35)	(799, 342, 42)	
800	(800, 832, 7)	(800, 816, 8)	(800, 912, 11)	
801	(801, 803, 34)	(801, 945, 17)	
802	(802, 518, 2)	(802, 811, 3)	(802, 930, 33)	
803	(803, 953, 1)	(803, 801, 34)	
804	(804, 160, 11)	(804, 308, 6)	(804, 518, 11)	(804, 900, 31)	
805	(805, 770, 22)	
806	(806, 317, 29)	
807	(807, 301, 10)	(807, 319, 12)	
808	(808, 8, 13)	(808, 740, 37)	
809	(809, 938, 9)	(809, 907, 0)	
810	(810, 94, 28)	
811	(811, 802, 3)	(811, 951, 0)	
812	(812, 293, 16)	
813	(813, 513, 36)	
814	(814, 512, 60)	
815	(815, 584, 20)	
816	(816, 800, 8)	
817	(817, 53, 46)	
818	(818, 55, 10)	
819	(819, 673, 29)	
820	(820, 532, 19)	
821	(821, 343, 31)	
822	(822, 567, 70)	
823	(823, 373, 91)	
824	(824, 186, 24)	(824, 570, 5)	
825	(825, 867, 31)	
826	(826, 58, 9)	(826, 788, 14)	
827	(827, 105, 26)	
828	(828, 290, 36)	
829	(829, 541, 12)	
830	(830, 798, 0)	
831	(831, 42, 7)	(831, 1012, 1)	(831, 272, 5)	(831, 117, 29)	
832	(832, 416, 5)	(832, 800, 7)	(832, 322, 10)	
833	(833, 370, 40)	
834	(834, 770, 18)	
835	(835, 791, 33)	
836	(836, 161, 54)	
837	(837, 552, 10)	(837, 329, 5)	
838	(838, 270, 31)	
839	(839, 340, 63)	
840	(840, 272, 3)	(840, 320, 5)	(840, 583, 9)	(840, 622, 19)	
841	(841, 451, 26)	(841, 639, 0)	(841, 638, 10)	
842	(842, 856, 30)	
843	(843, 106, 12)	
844	(844, 109, 20)	(844, 767, 8)	
845	(845, 517, 4)	
846	(846, 851, 2)	(846, 263, 0)	
847	(847, 299, 82)	
848	(848, 69, 11)	(848, 459, 72)	
849	(849, 310, 10)	(849, 851, 12)	(849, 980, 17)	(849, 979, 85)	
850	(850, 597, 1)	(850, 974, 63)	
851	(851, 849, 12)	(851, 846, 2)	
852	(852, 16, 14)	(852, 584, 0)	
853	(853, 517, 7)	
854	(854, 726, 17)	
855	(855, 915, 96)	(855, 915, 96)	
856	(856, 338, 3)	(856, 472, 8)	(856, 890, 8)	(856, 842, 30)	
857	(857, 781, 2)	
858	(858, 670, 68)	
859	(859, 595, 33)	
860	(860, 970, 11)	(860, 784, 4)	
861	(861, 516, 25)	
862	(862, 593, 4)	(862, 669, 16)	
863	(863, 594, 28)	
864	(864, 976, 17)	
865	(865, 47, 15)	(865, 361, 6)	
866	(866, 612, 1)	(866, 324, 2)	(866, 882, 15)	
867	(867, 227, 9)	(867, 747, 19)	(867, 825, 31)	
868	(868, 373, 23)	(868, 615, 14)	
869	(869, 488, 3)	
870	(870, 783, 16)	
871	(871, 353, 22)	
872	(872, 192, 50)	
873	(873, 605, 54)	
874	(874, 878, 20)	(874, 547, 2)	
875	(875, 320, 14)	
876	(876, 396, 5)	(876, 908, 1)	
877	(877, 365, 18)	
878	(878, 52, 7)	(878, 483, 7)	(878, 874, 20)	
879	(879, 893, 72)	
880	(880, 882, 14)	
881	(881, 472, 10)	
882	(882, 866, 15)	(882, 335, 10)	(882, 880, 14)	(882, 994, 22)	
883	(883, 273, 43)	
884	(884, 612, 48)	
885	(885, 771, 14)	
886	(886, 888, 55)	
887	(887, 504, 0)	(887, 703, 0)	(887, 367, 7)	
888	(888, 272, 10)	(888, 886, 55)	
889	(889, 627, 51)	
890	(890, 856, 8)	(890, 895, 6)	
891	(891, 363, 46)	
892	(892, 116, 10)	
893	(893, 501, 0)	(893, 879, 72)	
894	(894, 492, 63)	
895	(895, 890, 6)	(895, 409, 40)	
896	(896, 768, 23)	(896, 688, 34)	(896, 732, 65)	
897	(897, 273, 12)	(897, 225, 1)	(897, 914, 9)	(897, 933, 16)	
898	(898, 707, 56)	
899	(899, 945, 40)	
900	(900, 804, 31)	
901	(901, 653, 31)	
902	(902, 924, 28)	
903	(903, 960, 68)	(903, 471, 53)	
904	(904, 6, 7)	(904, 392, 0)	(904, 170, 1)	(904, 344, 7)	
905	(905, 994, 16)	
906	(906, 648, 4)	
907	(907, 809, 0)	
908	(908, 876, 1)	(908, 1007, 1)	(908, 135, 15)	(908, 717, 69)	
909	(909, 399, 9)	
910	(910, 650, 17)	
911	(911, 398, 18)	(911, 967, 6)	(911, 1006, 22)	
912	(912, 800, 11)	(912, 944, 4)	(912, 949, 22)	
913	(913, 525, 35)	
914	(914, 897, 9)	(914, 455, 20)	
915	(915, 386, 0)	(915, 855, 96)	(915, 855, 96)	
916	(916, 567, 1)	
917	(917, 128, 39)	
918	(918, 526, 12)	
919	(919, 263, 20)	
920	(920, 440, 8)	(920, 925, 9)	
921	(921, 776, 22)	(921, 661, 0)	(921, 456, 10)	
922	(922, 279, 5)	
923	(923, 273, 6)	
924	(924, 387, 57)	(924, 902, 28)	
925	(925, 920, 9)	
926	(926, 538, 18)	
927	(927, 1021, 3)	
928	(928, 80, 6)	(928, 374, 3)	(928, 424, 11)	
929	(929, 640, 18)	
930	(930, 802, 33)	
931	(931, 10, 24)	(931, 759, 58)	
932	(932, 608, 11)	(932, 998, 21)	
933	(933, 897, 16)	
934	(934, 556, 17)	
935	(935, 38, 4)	(935, 1009, 86)	
936	(936, 961, 19)	
937	(937, 270, 29)	
938	(938, 198, 10)	(938, 809, 9)	
939	(939, 990, 77)	
940	(940, 996, 49)	
941	(941, 32, 43)	
942	(942, 494, 24)	
943	(943, 64, 26)	
944	(944, 912, 4)	
945	(945, 801, 17)	(945, 899, 40)	
946	(946, 754, 4)	
947	(947, 769, 1)	
948	(948, 500, 11)	(948, 997, 1)	
949	(949, 912, 22)	
950	(950, 954, 2)	(950, 1015, 2)	(950, 1023, 3)	(950, 575, 4)	
951	(951, 811, 0)	(951, 694, 6)	
952	(952, 640, 60)	
953	(953, 169, 2)	(953, 803, 1)	
954	(954, 703, 3)	(954, 950, 2)	
955	(955, 990, 0)	
956	(956, 329, 70)	
957	(957, 574, 49)	
958	(958, 328, 44)	
959	(959, 700, 84)	
960	(960, 744, 6)	(960, 903, 68)	
961	(961, 73, 15)	(961, 936, 19)	
962	(962, 130, 3)	(962, 176, 7)	(962, 591, 25)	
963	(963, 481, 18)	
964	(964, 548, 31)	
965	(965, 132, 35)	
966	(966, 790, 72)	
967	(967, 911, 6)	(967, 999, 78)	
968	(968, 784, 1)	
969	(969, 473, 10)	
970	(970, 227, 13)	(970, 860, 11)	
971	(971, 975, 5)	
972	(972, 14, 31)	(972, 510, 72)	
973	(973, 716, 46)	
974	(974, 850, 63)	(974, 750, 92)	
975	(975, 337, 60)	(975, 971, 5)	
976	(976, 448, 3)	(976, 659, 4)	(976, 864, 17)	
977	(977, 657, 26)	
978	(978, 66, 27)	
979	(979, 849, 85)	
980	(980, 849, 17)	(980, 574, 46)	
981	(981, 796, 18)	
982	(982, 726, 30)	
983	(983, 469, 48)	
984	(984, 985, 20)	
985	(985, 530, 16)	(985, 984, 20)	
986	(986, 192, 17)	(986, 602, 10)	
987	(987, 521, 30)	
988	(988, 446, 71)	
989	(989, 491, 91)	
990	(990, 1012, 4)	(990, 955, 0)	(990, 939, 77)	
991	(991, 793, 0)	
992	(992, 640, 8)	
993	(993, 224, 21)	
994	(994, 882, 22)	(994, 905, 16)	
995	(995, 438, 16)	
996	(996, 498, 41)	(996, 503, 32)	(996, 940, 49)	
997	(997, 948, 1)	
998	(998, 932, 21)	
999	(999, 967, 78)	
1000	(1000, 623, 54)	
1001	(1001, 701, 51)	
1002	(1002, 1023, 41)	
1003	(1003, 266, 38)	
1004	(1004, 684, 17)	
1005	(1005, 133, 1)	(1005, 559, 43)	
1006	(1006, 911, 22)	(1006, 718, 0)	
1007	(1007, 908, 1)	(1007, 507, 51)	
1008	(1008, 112, 23)	(1008, 372, 10)	(1008, 304, 18)	
1009	(1009, 935, 86)	
1010	(1010, 658, 20)	
1011	(1011, 296, 8)	
1012	(1012, 831, 1)	(1012, 504, 1)	(1012, 1021, 3)	(1012, 990, 4)	
1013	(1013, 484, 16)	
1014	(1014, 775, 53)	
1015	(1015, 950, 2)	(1015, 502, 11)	
1016	(1016, 108, 67)	
1017	(1017, 784, 40)	
1018	(1018, 578, 46)	
1019	(1019, 755, 60)	
1020	(1020, 504, 4)	
1021	(1021, 1012, 3)	(1021, 927, 3)	
1022	(1022, 188, 40)	
1023	(1023, 950, 3)	(1023, 1002, 41)	
