73514
4096 4095
0 2560 1
2560 2164 1
0 1025 3
1025 1041 2
1025 1632 3
0 68 4
68 52 3
52 310 4
68 2868 4
68 580 6
68 213 6
213 32 0
32 864 1
864 370 0
32 1066 1
864 808 5
808 3112 2
3112 1032 1
3112 2126 2
2126 2050 4
2050 2048 0
2048 2180 2
2048 2053 2
2053 2605 3
2048 2057 3
2057 3325 2
2057 2530 3
2053 1846 4
1846 3927 4
2053 1157 4
1157 3536 0
2048 130 4
2057 74 5
1032 1931 5
2048 36 5
36 168 3
168 1188 1
168 584 2
168 40 2
40 562 1
36 2832 3
2832 2561 1
2561 3087 4
3087 3103 3
40 387 4
584 606 5
168 652 5
652 524 2
524 820 0
168 3467 5
864 133 6
36 1133 6
2530 3488 6
3488 2594 4
2530 196 6
196 2630 0
196 3094 1
3094 3076 2
3076 3204 1
3076 3908 2
3094 1280 2
1280 3264 0
1280 3857 2
1280 1291 3
3204 1692 3
196 29 4
3076 304 5
304 72 1
72 1097 1
304 2609 2
304 536 2
304 20 3
20 1587 3
304 2993 5
3857 3392 5
3076 596 5
596 517 3
20 165 6
165 3633 2
165 161 2
161 2272 1
3633 917 5
165 2212 6
2212 2532 6
2532 2994 5
2048 2060 6
2060 532 6
2050 3603 6
2048 2077 6
2077 2073 3
2073 2137 2
2073 2333 5
2333 345 3
32 2853 6
2853 1543 1
1543 3077 2
3908 1568 6
1568 1572 0
1572 2596 2
1568 1062 3
1062 1585 6
864 866 7
866 3521 6
2609 2663 7
165 660 7
165 513 7
513 769 3
769 2361 0
769 18 0
18 2402 0
18 1584 1
1584 2748 1
2748 3066 0
3066 4026 0
4026 4070 0
4070 3759 0
3759 3813 0
3813 4094 0
4094 2045 0
2045 3999 0
3999 4049 0
4049 4095 0
4095 2747 0
2747 3062 0
3062 4037 0
4037 3847 0
3847 3995 0
3995 2429 0
2429 3014 0
3014 2011 0
2011 926 0
926 2557 0
2557 4003 0
4003 3790 0
2747 3695 0
3695 3577 0
3577 3996 0
3996 381 0
4037 3020 0
3020 4043 0
4043 4079 0
4079 3991 0
3991 2029 0
2029 2003 0
2003 4091 0
2029 1246 0
1246 1774 0
1774 4047 0
2029 755 0
755 1979 0
1979 2526 0
2526 4039 0
4039 3711 0
4039 3583 0
3583 3954 0
3954 3516 0
3954 3198 0
2429 2923 0
2923 3004 0
3004 3214 0
3214 3979 0
3979 3707 0
3214 2909 0
3214 2750 0
2750 3548 0
3548 3835 0
3835 1741 0
1741 4052 0
4052 3833 0
3583 637 0
637 1967 0
1967 4062 0
4039 1014 0
3847 2963 0
2963 3742 0
3742 3957 0
3957 3771 0
3771 2015 0
2015 1983 0
1983 1900 0
1900 2047 0
2047 3039 0
1900 4083 0
1967 2739 0
2747 2410 0
4039 1442 0
3954 3023 0
4043 2042 0
4049 3569 0
2748 3941 0
637 3434 0
3434 4061 0
4061 2926 0
3434 3323 0
2963 1883 0
1883 4029 0
1979 3998 0
4037 2925 0
3062 3061 0
4026 1753 1
4095 3709 1
4026 3563 1
755 3326 1
3326 975 1
926 3451 1
1900 3565 1
2739 1537 1
3941 3051 1
3051 3487 0
2042 3575 1
2925 520 1
520 2120 1
520 777 1
3711 3867 2
3867 2970 1
18 35 2
2402 2412 3
2739 3316 3
4029 3948 3
2909 2825 4
2825 2856 1
2856 2049 1
2049 2189 1
2189 2316 0
2049 2177 3
2402 3746 4
3948 1916 4
1537 1683 4
975 3368 4
3368 2697 0
520 2072 4
2072 3155 1
769 1921 5
2750 573 5
2015 1320 5
1320 1833 0
1320 2472 4
2472 384 3
384 1408 5
1408 3266 4
3266 1218 3
1218 3650 1
3650 1376 3
1376 672 3
672 804 2
672 1548 3
1548 265 3
265 355 0
265 1377 1
265 294 2
1377 1681 4
1681 2247 4
2049 105 5
105 556 4
2049 2125 5
2125 2113 5
2113 2371 1
4003 3196 5
769 800 6
800 928 4
928 1091 6
3954 109 6
769 1971 6
3979 2896 6
2896 3091 1
2557 3826 6
2045 3476 6
800 547 6
547 788 4
788 1080 2
788 3016 2
1080 1140 3
1080 61 6
61 281 1
1408 656 6
656 3184 2
3184 3074 2
3074 1030 2
656 646 3
1030 1220 4
1220 1249 4
1220 1119 4
1119 1050 3
1050 554 1
3074 3075 4
554 2722 5
1030 134 5
134 1040 2
1040 1120 0
1120 1329 1
134 214 2
1120 320 3
320 360 0
360 382 2
320 277 5
277 2821 0
277 272 4
272 292 2
272 274 3
274 316 2
316 16 3
16 58 1
292 1212 4
16 1364 5
1364 3553 3
316 2492 5
214 2758 5
2758 2254 1
2254 239 5
3074 2058 5
2058 2074 0
2074 778 1
2058 2583 3
2074 271 5
271 2338 4
2338 2441 0
2441 829 2
2338 480 2
3184 3129 5
214 3235 6
3575 1717 6
320 402 6
402 2443 4
35 1706 6
2371 2540 6
1120 258 6
258 70 3
70 711 0
70 7 3
7 287 1
7 1039 5
1039 128 6
128 33 0
128 1515 1
33 1337 4
33 293 4
33 256 4
256 290 1
256 1558 2
293 67 5
67 2121 4
2121 2629 6
2316 2329 6
520 1684 6
1684 2196 5
2196 4 1
4 1356 1
2196 2199 6
520 336 6
336 339 0
336 3148 2
3148 2644 0
646 708 6
708 760 1
708 578 5
578 66 6
66 273 1
273 2450 0
66 1286 4
1286 1328 2
1328 2064 3
2064 2587 3
2587 2635 2
2635 858 0
2064 2578 4
2064 2186 4
2186 1282 2
1282 327 1
327 1365 1
1365 896 2
1282 1981 4
896 432 6
432 144 4
144 57 4
57 31 4
31 21 0
21 438 6
432 2104 6
1282 3346 6
1282 210 6
2970 2942 6
2120 322 6
292 694 6
3184 560 6
560 48 4
48 1044 0
1044 1143 0
48 2357 2
48 692 3
1143 744 6
384 3456 6
1032 522 7
3707 1151 7
0 1159 7
1159 1670 4
1670 1711 5
1711 1733 0
1711 1707 3
1707 1031 3
1031 6 2
6 2436 0
2436 472 0
2436 3350 1
6 2185 2
472 960 3
960 2176 2
2176 2746 0
2176 2216 3
472 1502 4
472 881 4
6 302 4
881 529 5
2185 145 5
145 1745 6
2216 1658 6
1733 1621 6
130 1312 7
1097 1093 7
1093 2861 7
133 140 7
140 1957 1
140 132 5
132 644 1
644 3590 1
132 245 2
245 209 1
132 180 4
180 1084 1
209 342 7
3999 1634 7
1634 1380 1
1380 1326 5
1634 673 5
1634 1594 6
1594 1154 3
1154 208 5
208 3545 2
208 3090 4
1154 1235 7
16 852 7
852 1949 3
1949 717 2
1515 943 7
293 385 7
385 999 0
385 406 3
406 2510 2
2510 2128 2
2128 849 1
2128 69 2
2510 346 5
346 328 4
328 2660 3
2660 3684 2
328 113 6
113 2283 1
2283 224 1
224 3632 2
113 651 2
113 749 3
406 456 6
2283 767 7
346 104 7
104 2728 1
2728 2822 0
2822 2391 0
2391 3271 1
104 88 1
88 112 0
112 2486 1
112 2097 1
2097 2787 3
104 2424 3
2486 3054 4
2822 3080 4
3080 900 4
900 964 4
2728 2961 5
88 2250 6
88 3251 7
69 2752 7
2128 1635 7
1635 1679 3
1282 3344 7
896 3073 7
57 10 7
10 2350 0
10 1114 2
10 164 2
164 1540 2
1540 1664 2
10 526 4
526 590 6
526 23 6
1540 2592 6
2592 2052 1
2052 2567 3
2567 2241 1
2241 2148 3
2241 2197 5
2197 2245 6
2052 780 6
2245 2757 7
2148 487 7
1540 1034 7
1034 1027 4
1027 159 5
159 19 0
19 2167 0
2121 840 7
840 968 3
33 296 7
296 282 0
296 1994 2
1994 3496 1
926 774 7
774 2314 5
2314 3396 3
3396 1371 2
1371 1993 4
68 64 7
64 1100 2
64 518 3
518 927 2
64 394 5
394 2122 3
2216 223 7
2212 3244 7
1025 609 7
609 870 1
870 854 6
854 1816 1
1816 1808 5
1808 2667 3
1808 3604 5
1808 1296 7
2176 129 7
129 270 0
270 398 6
3350 3351 7
1286 288 7
288 988 1
288 416 1
288 2828 2
2828 1128 3
288 177 3
177 2233 0
177 688 4
1128 612 6
612 631 0
631 2210 1
288 512 7
512 3778 4
3778 1738 4
3650 1615 7
2072 2190 7
140 772 7
772 2322 0
2322 2307 2
2307 3078 3
3078 3390 5
2307 1826 5
2307 2819 7
3129 3581 7
1537 2945 7
3488 3895 7
1548 1542 7
1542 1191 0
1542 1606 5
2722 2178 7
16 816 7
1329 4007 7
3684 1028 8
1028 1057 0
1028 1077 1
1028 2569 1
2569 3079 0
3079 2215 1
2215 982 2
2569 2252 4
2569 3681 5
1028 1735 6
1057 3107 7
3107 3943 8
2592 550 8
104 1065 8
1065 1061 3
1061 3116 4
1061 1857 6
1065 828 6
828 845 0
828 950 1
1065 1178 8
1178 1746 4
590 253 8
3344 1426 8
1426 2224 3
2224 3246 3
68 278 8
278 400 6
400 754 4
3078 3286 8
3325 3240 8
3240 2140 5
609 3047 8
3244 663 8
663 2231 6
2210 3510 8
1296 3355 8
2210 1586 8
165 1332 8
1332 3185 6
3185 3164 7
1332 124 7
124 724 1
32 2600 8
2600 2404 2
2600 1836 2
1836 1697 3
1697 621 2
1697 1156 3
2600 3088 3
1156 1424 4
1424 3728 0
621 2941 4
1697 2208 4
2208 2588 0
3088 2496 5
2496 3336 0
2496 2437 0
3336 3448 3
3448 3696 1
3336 776 6
776 2790 0
776 1856 4
776 3882 7
3336 2358 7
2358 2310 3
3336 1805 7
3088 2112 7
2112 714 5
2112 2130 6
2130 2631 6
2631 2883 1
2112 3907 6
3907 2639 3
1156 2688 7
2404 3360 7
3360 3493 0
3493 3876 2
3360 3139 6
3876 3872 7
3872 1795 0
3360 3873 8
3873 3072 0
3072 1105 4
1105 1171 1
1171 1939 2
1171 248 3
248 114 3
114 434 3
248 1550 6
114 347 7
1156 1687 8
621 684 8
2600 205 8
168 634 8
2073 2463 8
2463 2444 0
2333 2319 8
2319 806 7
806 892 0
806 3030 1
892 218 7
218 2301 2
218 280 3
280 984 1
280 395 7
395 8 1
395 1935 2
8 1124 4
8 2658 6
1568 2264 8
2596 2628 8
2561 2712 8
2712 538 0
538 376 6
376 2464 8
2561 2285 8
573 709 8
1408 192 8
192 576 1
192 1 5
1 2849 2
192 1233 6
1233 1160 4
1233 1603 5
1603 1637 6
192 1352 6
1 1554 7
1554 2320 3
2320 2816 2
2816 2390 3
192 2796 7
1160 1216 8
192 2740 8
2740 3222 8
3222 3797 3
2177 3201 8
3201 3464 2
3464 3400 2
3400 2409 3
3201 3472 5
3472 2456 0
2456 436 2
2456 176 6
176 1200 1
176 563 2
563 3123 0
563 1625 4
1200 1232 5
1232 1562 4
1562 1688 3
1232 3281 6
176 1508 7
176 2718 8
1080 1136 8
1136 53 2
53 2071 5
1136 868 5
2071 2383 7
3709 1223 8
2371 3423 8
520 2852 8
1120 1144 8
1329 1837 8
2443 3480 8
3480 3132 6
258 1824 8
293 289 8
289 41 8
336 865 8
2450 2434 8
2434 2315 3
2315 391 1
391 1487 8
1487 1354 6
1354 295 5
2315 2304 8
2304 1314 2
2304 3656 4
2304 2158 5
2304 2308 6
2308 2421 3
2308 1421 4
1314 455 7
2304 2378 7
1282 1088 8
21 1893 8
6 3718 8
960 452 8
3020 2806 8
1658 604 8
1093 912 8
912 723 4
912 564 8
564 1661 5
1661 594 5
132 2394 8
2197 2837 9
2837 82 0
8 1578 9
395 768 9
768 785 1
768 2306 4
2306 2680 1
2306 3466 2
2306 1043 2
768 1288 4
1288 323 2
323 450 2
323 2625 3
2625 2957 2
2625 2188 2
2957 1613 3
2957 3037 4
2680 2736 5
785 1297 8
1297 447 1
1297 1368 6
1368 1736 3
1368 3197 9
1157 1053 9
288 2976 9
270 1423 9
1423 2980 0
2980 2088 1
2980 2228 3
2088 2650 8
2320 3354 9
3354 698 5
2688 2432 9
2432 2951 1
2951 2710 0
2432 2944 3
2944 2499 6
2944 2417 6
2944 2209 6
2951 2495 9
2567 2187 9
2187 2205 3
2205 3209 8
88 2824 9
2824 2666 1
1216 1604 9
1027 1089 9
1089 96 7
96 102 0
102 358 2
358 2341 1
96 99 3
99 585 7
99 2083 8
2083 1185 6
96 2202 8
2444 14 9
192 321 9
321 3685 4
321 2899 7
2899 341 2
321 2633 8
0 1553 9
1553 1536 1
1536 814 0
1536 1689 7
1689 1721 3
1689 1244 6
1244 1176 4
1553 2576 7
2576 2577 0
1613 1600 9
1600 3525 5
224 233 9
224 3048 9
2852 2063 9
2063 3117 3
3117 1063 4
112 71 9
71 2817 1
2817 2885 6
2796 2172 9
604 558 9
2941 2673 9
3464 3288 9
69 1259 9
1259 1231 0
1231 2299 6
1088 3341 9
3341 1860 1
0 3328 9
3328 2377 3
2377 2369 4
2369 559 6
2377 3352 8
3352 3348 8
3348 2356 8
3328 3460 9
2212 608 9
608 4035 4
608 1560 5
1560 3592 1
608 589 5
608 2160 6
2160 2808 7
808 555 9
555 2127 5
555 595 7
595 211 2
0 25 9
25 137 4
25 1494 5
1494 2034 4
137 9 7
9 2054 7
2054 2084 0
2084 2820 1
2084 3940 4
1041 1113 9
68 1092 9
387 1060 9
1060 1575 0
1575 1718 7
1718 1682 7
1060 2678 8
1060 194 9
194 207 1
194 3842 4
207 2511 7
2511 2206 7
207 2772 7
194 146 9
146 24 6
24 216 2
216 249 2
24 2056 5
2056 2312 7
24 44 7
44 552 0
44 809 2
809 3772 6
3772 3796 4
552 2603 6
44 2597 7
146 266 8
1025 262 9
262 154 2
262 781 5
781 2573 6
2739 383 9
2868 2862 9
2862 2634 5
2412 2916 9
2371 2259 9
2180 42 9
42 1058 2
42 315 3
42 60 4
60 26 5
128 1316 9
3204 3756 9
3756 3944 9
67 579 9
579 2818 1
273 1305 9
1328 1904 9
21 329 9
329 3161 4
1670 2483 9
2483 3249 5
213 188 9
1031 1166 9
1166 2525 2
1166 1035 4
180 418 9
418 1348 7
1348 1734 9
1734 3652 7
1154 3233 9
3233 3585 1
3233 3828 6
2569 3731 10
3107 3099 10
3099 3081 2
3081 1709 2
3081 3097 9
1709 1076 10
1076 38 0
1076 3860 1
38 1064 5
1064 2408 10
3072 2326 10
2326 2229 8
1171 2484 10
984 89 10
1124 1369 10
1369 3419 1
1 153 10
153 2442 6
1554 1574 10
1574 1570 6
1570 681 10
2944 1179 10
1860 3924 10
563 182 10
182 2720 0
1508 3559 10
3460 3549 10
1244 107 10
107 739 4
3684 3173 10
20 374 10
374 1024 2
1024 1859 1
1024 464 5
1859 1109 10
1109 592 5
1024 1752 10
1752 1072 2
1752 1675 5
1675 655 0
1675 1722 5
1752 625 5
625 368 3
368 49 5
49 56 2
56 3752 5
49 817 6
817 465 7
56 1208 7
655 653 7
1072 1202 7
1202 1510 6
1510 3426 1
3426 3363 4
3363 3522 0
1752 219 8
1202 2181 10
2181 2149 3
3496 2403 10
518 2598 10
3396 1281 10
1281 1851 4
1281 3848 7
518 116 10
116 2647 9
2647 2380 3
2380 268 8
268 2760 1
2647 2839 8
2839 1814 2
1814 1862 3
2647 2335 10
2057 2336 10
1065 743 10
512 12 10
32 1056 10
1056 1192 0
1192 3481 6
1056 1840 6
1840 2040 0
2437 2102 10
2209 364 10
364 445 1
364 2584 3
2584 3236 9
2083 1187 10
1187 34 5
34 2564 4
2564 3612 1
2564 1636 1
2564 2966 3
34 1799 7
1799 2580 8
2580 2656 10
2656 3665 9
3665 1104 0
2580 528 10
528 84 0
528 1094 6
1094 549 4
549 2589 0
549 685 4
549 121 5
528 690 6
549 1952 7
1094 3138 7
3138 2382 2
690 642 10
642 2642 2
642 2194 2
642 1174 7
1174 967 8
2194 1183 9
1296 3858 10
3858 3345 8
3858 2897 9
2897 786 7
786 770 3
49 97 10
97 2414 8
2414 2346 9
1664 312 10
112 3705 10
3448 4090 10
1089 1730 10
1730 2783 8
3344 3546 10
216 3289 10
809 877 10
877 815 8
0 149 10
149 147 9
41 1184 10
1184 1610 0
42 1146 10
69 285 10
4043 3329 10
2097 37 10
37 2117 6
2117 2624 3
2624 2802 0
2624 2700 4
2700 325 1
325 361 1
325 2348 5
2700 2704 8
2624 2804 8
2804 1334 9
19 131 10
131 969 8
1795 2727 10
1061 2305 10
2305 291 9
291 419 2
291 1323 9
1323 3406 6
325 392 10
392 386 3
386 904 2
392 75 3
386 139 9
325 1349 10
2700 3869 10
1808 1970 10
1970 771 10
771 2850 3
2850 910 9
1553 519 10
519 2693 1
2693 3984 1
3984 2900 7
519 1699 8
1799 3206 10
2117 2152 10
2152 2537 0
2152 2345 7
2345 1410 4
282 2490 10
2490 2480 5
2480 2293 4
2293 3069 0
2480 2144 6
2144 548 4
548 1538 1
548 2636 2
548 150 2
1538 4038 3
150 166 6
1538 2562 8
2562 1074 1
2562 515 6
515 301 5
1538 151 9
151 671 8
671 732 1
151 3477 8
548 676 9
676 2978 4
2978 2330 7
151 1413 10
1413 3557 6
1538 1771 10
1771 1608 4
1608 73 10
1538 675 10
2073 2969 10
2969 977 8
977 2257 3
1632 1129 10
1129 1067 8
68 581 10
513 3118 10
3548 255 10
255 2238 3
2832 534 10
637 891 10
133 759 10
759 2119 2
2697 2344 10
672 3058 10
3058 184 4
2412 2882 10
3196 3365 10
1249 229 10
320 1484 10
1484 1127 0
274 435 10
16 160 10
2048 3152 10
1706 746 10
4 2051 10
57 811 10
31 2143 10
145 1153 10
1153 1194 9
1621 1079 10
385 482 10
482 970 11
1034 1666 11
1666 523 5
523 1611 8
1611 371 6
1611 3137 7
968 898 11
2314 3017 11
2314 283 11
283 17 3
17 3357 3
394 1761 11
1761 1255 6
1761 1283 7
72 2520 11
2520 793 5
1028 3113 11
1057 240 11
1028 3364 11
278 79 11
79 2174 9
3088 3586 11
3586 3602 4
3602 3850 9
3602 2815 10
714 710 11
710 217 2
217 275 7
8 2632 11
1 80 11
80 720 5
720 4044 2
4044 2012 2
1688 664 11
664 2689 3
2689 2616 7
2616 561 1
561 569 0
569 574 10
768 2864 11
2864 2342 4
2864 2608 6
2342 2422 11
2422 1239 8
1239 422 10
1368 1534 11
1089 1115 11
102 1463 11
102 1125 11
1125 582 3
582 2662 0
1718 1714 11
146 738 11
738 1620 5
1620 666 0
738 119 5
464 417 11
417 299 9
1192 674 11
674 931 5
1799 1015 11
2656 2664 11
549 773 11
773 516 7
3858 3473 11
3251 3187 11
3187 3283 6
904 3032 11
1538 1552 11
1552 3200 3
3200 1052 2
1610 750 11
1410 1922 11
2704 2452 11
2452 4020 11
1413 1453 11
581 2311 11
2311 2756 3
519 1287 11
154 3086 11
2560 2743 11
1034 3179 11
854 2652 11
2652 3191 3
3191 3269 5
2652 2932 9
2932 1841 10
1841 2002 10
2652 2702 11
2702 2948 1
452 448 11
2308 3436 11
3436 3092 4
3092 2068 5
2068 2161 0
2161 2725 3
3092 540 7
540 13 3
13 1868 2
2725 2613 8
3092 3391 8
1868 1036 10
3092 1624 11
1624 601 3
601 2069 5
2069 3008 2
2069 2582 6
1624 28 10
28 222 0
222 468 5
468 981 4
468 3006 7
2582 3730 11
3730 3841 7
3841 3891 8
455 449 11
449 1441 3
604 2692 11
2692 1469 9
1469 1461 3
2692 228 11
228 936 0
3288 2762 11
2762 2799 9
2799 3243 2
2799 3177 10
1423 3975 11
2144 3682 11
3682 3723 1
3682 3618 5
3723 3719 6
2306 610 11
610 747 4
2444 2759 11
168 3260 11
1066 1130 11
1130 1416 5
1416 1544 2
1544 1576 0
1576 4016 2
1416 1236 5
1576 3180 7
1416 136 8
136 460 5
460 863 9
68 909 11
909 2507 6
2507 762 8
2663 2933 11
68 2094 11
2094 286 3
286 30 0
286 306 3
306 2418 3
2418 2354 7
286 2423 11
68 195 11
18 2067 11
2067 2435 3
2561 833 11
833 972 2
972 2984 6
833 1569 7
52 1818 11
1818 1890 8
1890 3906 0
3771 1643 11
1133 2007 11
2049 3142 11
3142 3361 1
2072 2392 11
2392 3401 7
3948 1829 11
1376 352 11
352 490 4
352 372 6
372 1336 5
372 348 10
352 993 10
372 980 11
3476 2076 11
2076 2124 5
2124 2118 2
2124 3781 7
3451 247 11
1091 1649 11
1649 225 2
225 3203 11
3203 1429 1
109 2553 11
2371 2114 11
2114 2156 10
1025 1051 11
16 1465 11
1465 3270 2
3270 2255 4
778 682 11
33 544 11
544 632 10
632 1888 10
33 2401 11
67 1744 11
1744 1155 11
1155 1189 8
1189 2863 8
3148 3168 11
322 3402 11
694 3300 11
1707 1875 11
6 1858 11
1858 3920 5
1858 1219 5
2861 2848 11
2861 2251 11
2251 3224 11
3224 1069 4
1069 2065 5
132 202 11
202 1651 5
202 587 10
587 91 0
587 3657 7
587 454 10
454 3654 5
3654 1919 2
202 670 11
670 2781 9
180 244 11
2208 2256 12
1041 1685 12
2130 3151 12
3151 1390 3
806 2930 12
2285 2533 12
1 260 12
260 2440 2
260 1652 11
3201 3105 12
3105 3170 12
1314 1138 12
3656 1633 12
912 2522 12
2522 986 4
1288 1037 12
1297 3897 12
3897 3950 11
2633 2880 12
2880 593 6
2880 2890 12
3525 3905 12
32 2626 12
1560 1627 12
2597 2935 12
1316 300 12
2818 2858 12
2818 2952 12
2952 1821 9
3081 2641 12
38 882 12
182 199 12
1024 1347 12
1347 2372 6
56 2184 12
2184 648 1
1281 3367 12
2382 354 12
354 509 9
36 3588 12
3588 3584 5
3584 3332 6
3332 3471 3
655 157 12
1305 1999 12
2392 2296 12
664 624 12
811 3130 12
3130 3114 1
515 200 12
200 647 8
1127 1238 12
1238 1190 3
1190 3573 4
1190 54 9
54 699 1
54 63 6
54 163 10
548 831 12
247 1279 12
1 1152 12
1152 1173 1
1173 1432 4
1152 5 4
1152 65 7
65 439 3
1152 1695 10
65 615 11
615 1551 4
1551 3978 1
1551 3587 3
3978 1674 8
5 2309 11
1173 1436 11
1152 100 12
100 3701 12
2210 3108 12
3108 2182 7
2182 2646 3
3108 3174 9
3108 3178 11
325 2062 12
2062 600 0
2062 3082 11
3082 3202 12
3202 3649 9
870 2 12
1536 801 12
2432 897 12
897 827 5
897 2691 10
2691 2274 3
897 649 10
840 227 12
490 2426 12
2978 658 12
1061 3125 12
1051 3153 12
3850 1930 12
325 565 12
565 871 0
688 3889 12
1615 822 12
2444 3221 12
1233 1251 12
1251 203 7
203 3803 2
3803 2203 5
2203 3863 6
1153 389 12
389 1345 6
1345 3443 0
1345 1362 2
389 2433 8
2433 2959 5
436 92 12
92 1118 4
30 2267 12
1620 1646 12
1646 1762 1
2050 22 12
22 276 1
22 148 7
148 1367 3
1967 3064 12
2050 2080 12
2080 2089 6
52 1473 12
573 1561 12
2594 2219 12
1080 3900 12
646 2318 12
1119 1678 12
1040 1591 12
1591 1619 7
2048 2669 12
3235 3324 12
2196 2198 12
1328 792 12
1670 380 12
6 420 12
2216 313 12
2216 4032 12
1745 531 12
1154 1422 12
1422 1430 0
1422 2191 1
1430 1748 2
1748 3736 6
1430 1412 7
1412 1033 4
1412 1932 8
3090 2258 12
2258 1622 0
1622 1704 4
4079 1357 13
159 719 13
719 169 3
394 2154 13
2154 39 5
2154 4066 11
4066 4080 12
39 530 13
530 514 3
514 2834 3
2834 2610 4
2834 2217 6
2819 307 13
1826 1830 13
2178 2513 13
2513 467 3
467 241 10
241 2805 0
2805 3811 6
3696 812 13
2358 857 13
3360 2968 13
3873 3245 13
538 3128 13
3128 1549 5
20 2109 13
868 76 13
76 353 6
76 696 6
452 197 13
197 706 5
785 1593 13
1288 1820 13
2736 2192 13
2192 2521 10
2192 3089 13
3089 1135 1
3089 1557 2
1557 1029 2
1029 279 6
2312 1769 13
2259 2129 13
2129 43 2
43 179 7
49 2081 13
2081 2763 12
116 2079 13
268 2892 13
1056 3100 13
3100 1500 4
3100 3280 12
3280 1492 2
1492 1872 10
1872 3394 8
642 691 13
690 504 13
3137 1137 13
80 848 13
848 1210 3
561 1588 13
1588 537 11
3177 1145 13
981 2519 13
372 156 13
2114 2066 13
2066 2090 6
2090 2159 3
2066 2947 6
1189 1204 13
624 1108 13
1108 3149 2
1108 3220 6
3220 3136 8
3136 3911 4
63 125 13
1094 3150 13
2094 2714 13
1678 138 13
138 152 3
152 1450 2
2128 3188 13
3188 3672 0
3672 3579 7
29 1180 13
1180 3397 11
2961 2776 13
2776 1739 0
2210 2096 13
2096 1340 12
394 2106 13
3116 3831 13
1089 1915 13
1915 602 7
602 1026 2
1026 775 4
775 141 5
602 2115 5
2115 158 0
775 2374 10
1026 1038 11
1038 3520 3
3520 3528 0
3520 404 3
404 305 0
305 403 1
403 851 0
404 2448 1
305 841 4
305 1398 5
305 1394 12
1394 1343 0
305 257 12
257 2082 12
2082 2147 9
2147 2419 5
257 1545 12
1545 835 6
1545 2601 13
2601 2735 12
158 2207 13
1652 1874 13
149 2517 13
2756 3812 13
99 103 13
2880 2657 13
2657 2913 10
2600 3043 13
3043 2793 11
1064 1389 13
2496 3523 13
2318 3405 13
2480 2946 13
2946 2958 5
160 185 13
3488 3616 13
3616 1573 1
1573 764 5
3616 3499 13
1320 3096 13
3096 120 5
120 598 2
598 1654 0
3096 3208 6
3208 3212 3
120 122 7
598 614 8
122 1787 11
3212 3140 11
2177 3232 13
3476 1448 13
928 1440 13
3184 3375 13
3051 974 13
1030 3600 13
134 230 13
214 1530 13
1530 3321 3
16 2142 13
258 1969 13
287 1431 13
128 408 13
4 2059 13
2059 3278 5
2059 2889 8
2064 2705 13
2705 1712 4
1712 572 3
1712 1988 11
3346 1330 13
744 2201 13
2201 90 7
180 1653 13
581 2572 14
1034 1163 14
64 2116 14
2116 2242 0
3244 3304 14
288 2476 14
2476 2478 4
2476 2230 7
2230 2086 7
2086 259 1
259 3840 11
259 2145 12
2145 2091 3
2145 236 14
3107 3115 14
2224 3104 14
3246 1307 14
3240 1201 14
1201 1411 6
2310 2949 14
2658 162 14
538 1811 14
576 2695 14
1 2574 14
2574 3688 1
2390 2460 14
41 424 14
1354 1090 14
1090 1676 7
1676 1703 5
2308 2373 14
455 734 14
564 1716 14
3392 3714 14
3466 952 14
2944 3784 14
3784 2767 3
102 3306 14
1600 1944 14
1092 1122 14
1122 3 1
1122 1055 8
3099 3666 14
3666 3275 5
2484 1728 14
1024 3147 14
2403 1507 14
1507 1338 5
1104 3218 14
2945 3970 14
371 324 14
324 2396 3
2396 2427 4
217 1245 14
2632 2586 14
773 583 14
583 2774 13
2333 2975 14
200 741 14
741 1428 4
1428 2838 4
1428 2556 10
741 1268 11
1268 2030 4
1268 3729 7
3443 2407 14
2728 3735 14
420 441 14
2147 51 14
2693 3231 14
37 142 14
142 1075 2
1075 2151 2
1075 1207 11
104 605 14
605 725 11
725 842 9
3654 1260 14
1260 934 5
2067 2131 14
1608 338 14
338 1396 3
160 1672 14
1672 3712 13
3712 1873 5
3712 3601 7
3601 3217 11
3217 401 4
401 412 5
3217 3272 6
412 476 11
3232 1008 14
20 501 14
3778 3792 14
3792 908 7
3792 3760 9
3760 2737 0
908 2461 12
2461 3475 4
2461 2501 14
2501 1383 9
1383 2107 11
36 748 14
3940 3956 14
138 173 14
173 204 2
204 2753 5
2753 3787 5
204 2092 5
2092 2865 1
2753 971 7
173 1770 12
1770 1772 8
325 326 14
326 2260 0
2946 2528 14
223 95 14
3108 2612 14
305 945 14
945 2016 3
2016 1793 0
1793 3376 14
3376 3888 6
3888 2614 10
3888 59 12
3888 2785 13
2267 3720 14
3720 1665 12
1032 1289 14
1289 3909 2
3039 3532 14
2049 1298 14
294 261 14
1140 1141 14
382 618 14
1558 1042 14
1042 1110 14
1110 1344 8
1110 588 12
588 906 6
906 397 6
397 405 12
405 189 4
48 317 14
1502 396 14
644 678 14
180 433 14
2052 2085 15
2085 3172 14
64 2566 15
1816 3001 15
177 1205 15
1205 3241 11
1178 1488 15
1488 1198 12
1198 1177 10
3030 1852 15
1852 3739 0
1852 2395 8
1233 1221 15
1824 1435 15
1435 1427 8
1435 1215 10
2560 546 15
546 1000 5
1000 873 1
873 2708 9
2708 2438 7
2438 810 9
546 3668 9
810 944 10
944 2604 5
2604 2585 6
2604 3832 10
3832 1723 1
1000 929 10
2063 11 15
2817 3923 15
194 486 15
154 2170 15
2170 1650 3
154 1446 15
374 2388 15
2388 2389 15
1281 3617 15
2966 918 15
918 662 5
918 198 12
918 1974 14
1411 3385 15
1611 1877 15
2632 2284 15
664 654 15
13 77 15
222 533 15
533 798 10
533 1224 12
2692 3669 15
2256 659 15
2626 3910 15
648 2990 15
624 3302 15
3302 1248 10
1248 726 9
3573 3409 15
2203 3059 15
3059 2791 3
2090 2360 15
2360 1720 3
1720 1193 2
1720 172 8
172 1457 14
2360 3095 14
257 1243 15
1243 1278 5
152 2225 15
3217 1284 15
1487 1986 15
328 1485 15
3104 3722 15
3078 3084 15
849 2627 15
3720 704 15
704 2162 12
2162 3442 7
3442 2355 8
2355 167 8
2355 3216 11
3216 3290 2
3216 332 10
167 171 13
3442 3942 13
301 2683 15
1416 458 15
458 1486 5
1608 1601 15
1601 1605 1
1601 1474 4
1033 1835 15
1835 1975 0
1975 836 12
2691 2563 15
2060 2648 15
1053 1891 15
2188 388 15
388 2469 6
75 1581 15
2011 365 15
2050 2846 15
3569 568 15
568 1226 7
3434 1556 15
3061 751 15
556 2248 15
2113 2240 15
2240 2768 8
2768 3298 11
2768 3713 14
3713 3745 4
3713 3740 10
3740 2898 1
2113 3662 15
2113 2265 15
2265 126 14
3196 2554 15
320 2881 15
274 3570 15
1706 1641 15
1641 3653 5
258 1087 15
1087 1085 0
1087 1325 3
1085 3093 7
128 3226 15
144 640 15
640 740 0
640 3648 8
640 2645 15
2645 1751 14
21 1749 15
960 901 15
1025 2593 15
2053 303 15
132 965 15
644 668 15
943 3747 15
303 3119 16
3119 1162 11
1162 1756 11
1162 1710 11
2052 2100 16
2100 86 5
840 1003 16
1003 2723 0
1003 884 9
1097 1217 16
2600 3881 16
3881 1937 4
1937 1796 0
1796 1828 4
1796 1300 11
1300 1047 0
3881 1960 13
1796 669 14
2130 2133 16
2133 657 8
657 535 15
535 597 1
535 135 1
535 3894 8
2464 1290 16
1603 722 16
722 459 3
459 1905 12
20 2150 16
2150 2218 9
2150 1273 11
698 686 16
686 2621 2
2944 2506 16
3288 232 16
232 1228 5
2356 1013 16
2326 3660 16
3660 350 0
3660 3810 11
2720 3817 16
1510 1972 16
116 888 16
888 958 5
958 2729 2
528 1595 16
121 3166 16
28 1078 16
3920 3776 16
1919 3677 16
720 3282 16
647 1165 16
831 1623 16
2774 2754 16
3178 2529 16
897 721 16
721 2014 2
2014 3485 15
1118 2008 16
1830 1831 16
1831 887 11
3128 3320 16
3320 2281 14
2281 237 8
2281 2249 12
3089 1123 16
1123 1107 2
3280 2303 16
156 527 16
537 3613 16
3613 3098 6
2090 367 16
367 1318 7
3212 2204 16
2204 1132 9
1132 1068 13
1068 108 1
1132 252 13
408 1464 16
90 2698 16
2698 3211 1
3211 783 8
2698 2734 8
3211 2279 14
546 3504 16
618 856 16
856 2826 1
2826 1942 1
856 2843 4
934 994 16
994 3904 1
994 913 5
2097 2111 16
2111 2078 10
2078 2349 2
605 713 16
713 1339 11
713 2681 14
2681 2297 14
2681 985 14
713 1096 15
1096 1256 15
1256 616 11
616 362 5
616 2733 7
2733 2221 4
901 497 16
497 4050 16
2496 1985 16
2720 4006 16
107 1379 16
1136 1696 16
1696 3877 7
3877 1959 5
1696 1849 12
1849 1073 10
1849 3347 14
3088 2416 16
2416 3353 14
504 243 16
1207 1059 16
1059 3619 1
3619 2595 14
288 264 16
3712 951 16
1921 1667 16
2142 3162 16
0 2123 16
387 2487 16
387 1240 16
1240 1292 9
1292 3551 5
1240 3621 14
3621 4069 2
1753 491 16
2058 2415 16
3204 2179 16
4 3614 16
1280 1546 16
1546 1668 2
1546 1794 4
1794 318 7
1794 1966 10
438 794 16
322 81 16
81 2771 15
3350 1648 16
1326 1958 16
2567 1472 17
1472 1409 4
1472 3461 12
3461 1172 16
398 903 17
3078 1804 17
2819 2458 17
2941 2918 17
2918 298 10
298 803 11
3360 3374 17
3374 3362 2
2390 1350 17
2976 4075 17
2341 2823 17
2083 2375 17
3685 1638 17
3048 2920 17
2054 2232 17
2232 4024 16
2054 2263 17
262 1571 17
681 489 17
1024 1229 17
1229 3663 1
1229 1768 5
1768 742 1
1768 3768 6
1229 2653 15
2653 525 15
525 2731 3
2731 818 4
818 791 1
818 830 15
1094 1607 17
1607 3819 3
312 874 17
3345 2323 17
3477 2488 17
759 1719 17
229 3176 17
3176 3144 3
532 1750 17
422 1418 17
1461 1941 17
490 2536 17
2114 1098 17
1888 545 17
3995 3591 17
864 2992 17
1251 1253 17
2433 2548 17
3077 193 17
2082 3399 17
3399 3279 16
3279 1167 8
1787 1521 17
1521 996 2
204 1230 17
918 796 17
2162 2146 17
2146 1614 15
2284 1254 17
2596 3349 17
3349 2325 10
1087 425 17
135 645 17
888 1892 17
1667 1802 17
3621 3977 17
2949 1021 17
1428 220 17
259 83 17
3409 983 17
928 955 17
3112 3874 17
660 790 17
2561 3969 17
3569 1513 17
2594 3012 17
3012 3013 7
3013 453 13
453 3427 0
2722 1443 17
58 1306 17
1306 3544 11
3544 1106 5
1106 1659 12
2074 3474 17
3474 1520 8
2053 85 17
960 837 17
837 1563 13
19 186 18
724 46 18
46 2343 5
46 1134 15
2437 2454 18
32 1580 18
108 98 18
98 363 16
363 867 14
867 3146 18
1508 462 18
2718 641 18
1088 201 18
323 1099 18
450 966 18
966 2406 1
966 359 14
102 356 18
1185 2153 18
2153 2173 0
2153 1302 0
2153 118 3
1302 1308 4
1302 1842 10
1842 409 3
409 920 10
118 1602 13
1842 650 14
650 715 7
137 238 18
146 340 18
216 2266 18
2584 729 18
2966 3009 18
690 3992 18
770 890 18
1413 1425 18
80 466 18
2689 2243 18
3269 3412 18
1624 1592 18
3730 4002 18
4002 3744 8
1544 1920 18
1920 2466 11
1920 1938 14
1576 1792 18
1792 1825 18
1825 876 5
2256 3223 18
2415 2379 18
2691 643 18
514 3338 18
2217 2213 18
2213 1045 4
2213 3749 8
3385 3512 18
2448 3330 18
120 411 18
3523 3311 18
3311 2175 12
3311 1470 15
2513 212 18
212 1012 8
1521 3424 18
3424 3552 3
3424 3834 6
1427 1691 18
810 894 18
2737 3912 18
3912 1147 16
1147 1629 1
1147 1121 18
2626 2370 18
2752 2706 18
3217 3121 18
2490 2954 18
3275 3805 18
2100 2352 18
2645 1724 18
2146 3431 18
3431 3383 2
3383 1271 5
1271 1046 2
2698 1729 18
2826 2833 18
1935 206 18
0 344 18
344 3414 11
3650 3878 18
1681 2643 18
2722 2696 18
2696 716 0
290 3186 18
1356 3145 18
3145 1375 1
3145 3914 16
3914 4018 11
2450 2362 18
2362 2099 6
57 2873 18
3271 3715 19
19 3463 19
3463 2535 17
416 178 19
3241 3373 19
124 1496 19
906 539 19
634 251 19
634 728 19
2712 2761 19
1136 3986 19
868 101 19
101 1740 11
1793 1827 19
2736 4017 19
517 782 19
782 959 17
130 1698 19
1536 1598 19
1598 1843 16
814 1447 19
2577 3675 19
2820 2877 19
146 661 19
661 1945 0
3099 2571 19
2571 577 0
2571 3459 7
49 483 19
483 2474 18
2474 1599 17
2580 2136 19
2589 667 19
2994 2991 19
771 1285 19
1285 1509 0
1285 1222 1
160 680 19
160 1616 19
1153 3109 19
3109 349 5
201 3513 19
3283 50 19
50 3430 1
3430 3398 16
3654 2055 19
2055 3085 8
1627 1947 19
65 407 19
1436 3422 19
2198 1310 19
3831 2835 19
2374 963 19
1568 1701 19
3208 1161 19
1163 2328 19
2848 2340 19
515 627 19
1794 1800 19
3860 3356 19
1316 3518 19
1692 27 19
999 1902 19
173 2261 19
971 3968 19
3968 3851 0
3851 1640 7
1640 3864 4
1640 1609 10
1609 1103 8
1103 3599 1
546 551 19
551 337 10
337 2789 17
1008 1016 19
2091 3490 19
3490 1186 2
2706 3027 19
340 2384 19
1306 3879 19
303 2010 19
1891 2674 19
3874 3845 19
3845 3916 10
856 2914 19
2914 633 8
2111 1359 19
1359 3937 0
584 2786 19
3833 2504 19
2856 2286 19
2697 2235 19
1249 3757 19
1068 1797 20
1797 3853 15
3819 3836 20
88 2269 20
3080 3880 20
3344 4086 20
4086 2676 6
2676 3953 6
2245 2244 20
2244 3582 15
282 2234 20
3172 1708 20
1708 1925 13
1925 1929 10
1929 1865 4
1865 1995 3
1929 3780 11
1995 3987 16
1929 1539 16
1171 3319 20
634 250 20
250 753 1
803 2871 20
1508 1504 20
1288 1264 20
1264 2516 15
2516 2033 13
2516 3372 16
3372 4028 0
585 2690 20
2690 1669 8
2690 181 8
181 1541 0
181 45 2
45 3896 12
181 2449 13
3341 2701 20
2701 1705 12
555 2524 20
2524 2962 17
1682 1713 20
1713 689 11
2612 3446 20
3848 1784 20
772 902 20
902 3973 13
890 3331 20
3331 3849 4
3331 1898 5
1898 1913 4
1898 4010 4
3331 2531 15
2531 1955 7
561 860 20
860 94 14
2422 3898 20
2152 2538 20
3006 2602 20
2602 2539 0
321 2095 20
3332 3462 20
5 2220 20
565 1269 20
420 695 20
2080 802 20
2159 2105 20
2621 2867 20
1194 2672 20
2672 700 13
1611 1642 20
1642 3963 19
2356 2997 20
1536 1700 20
1672 4056 20
4056 3576 14
2151 3299 20
3787 3793 20
1161 3469 20
317 378 20
378 3483 10
2585 2661 20
2661 629 17
629 765 5
388 461 20
461 2139 2
2139 390 4
390 2039 18
1003 787 20
787 861 7
1828 1317 20
2529 1309 20
1309 1372 9
1372 351 13
193 3680 20
3680 1896 15
994 471 20
1073 3567 20
3567 3055 7
3548 962 20
962 705 14
705 1989 12
3790 1565 20
52 3124 20
3124 3624 20
3124 1164 20
1164 1048 5
1164 1049 7
35 617 20
2120 2651 20
2651 3726 3
274 426 20
16 3252 20
580 106 20
106 3808 18
1280 3408 20
1745 677 20
677 557 0
557 3630 2
3630 2694 9
2694 2888 3
2888 3370 13
3370 3019 17
278 499 21
2003 508 21
3757 1965 21
1965 922 17
922 414 5
922 1503 13
1603 1265 21
1265 997 5
1297 1497 21
1497 3389 4
814 2453 21
4035 2386 21
1865 620 21
262 807 21
188 697 21
818 1785 21
2656 2321 21
2321 2337 4
350 93 21
1089 1385 21
1334 1304 21
1304 3273 1
1304 2193 7
2193 3470 6
2193 2544 15
2544 3410 3
3410 1366 6
1366 1876 5
1876 2904 19
902 2996 21
2996 2854 8
2161 1597 21
3583 2565 21
3906 2922 21
2539 493 21
493 1512 4
3168 3425 21
1685 3734 21
3130 570 21
570 1655 19
659 752 21
752 1786 2
169 175 21
2081 2313 21
2313 2936 14
2936 1211 0
1188 2721 21
2721 2924 10
2924 2989 21
2115 3395 21
3395 3291 16
931 979 21
1620 3605 21
1540 521 21
521 789 5
789 1301 6
2712 1493 21
1493 4054 18
1127 718 21
2486 1817 21
3516 1727 21
1048 1242 21
361 3453 21
2605 2607 21
641 2035 21
378 763 21
2328 3420 21
2092 284 21
1298 3154 21
3154 3671 16
3154 1086 17
3154 3524 19
1086 3120 20
3120 226 3
226 2287 10
1167 3789 21
2604 3110 21
3110 2087 1
2360 819 21
1602 2884 21
527 1803 21
1803 3689 10
3689 2686 18
3689 3597 20
1803 3913 21
3913 4059 15
1350 853 21
853 626 2
2771 2226 21
81 2098 21
2098 2110 1
2098 2451 3
2110 638 9
2110 2070 13
2098 2262 13
2262 484 6
913 3871 21
3214 2778 21
2778 1754 4
1032 3673 21
3673 2845 14
148 2498 21
2498 1518 18
2049 3628 21
656 3229 21
2120 1276 21
2433 3972 21
644 1420 21
1420 3500 11
2752 4036 22
4036 2836 0
2350 1887 22
2052 55 22
55 1861 1
1861 1579 12
1579 1577 7
2190 191 22
1424 1626 22
1626 1866 2
1233 1258 22
2796 3044 22
363 2505 22
1058 1313 22
26 1373 22
1290 3382 22
3236 3234 22
2422 2431 22
1898 3962 22
2854 2965 22
540 1628 22
257 263 22
1152 2364 22
2924 2061 22
3220 1116 22
1116 1895 13
664 766 22
766 2940 0
766 423 8
1340 3530 22
2303 2298 22
2392 2509 22
2066 15 22
15 143 12
15 844 13
2898 1879 22
2488 2214 22
2080 3852 22
1890 1459 22
1219 1763 22
4056 4025 22
338 429 22
2389 2677 22
3409 1812 22
3311 1023 22
243 3307 22
2433 3163 22
2015 4071 22
520 2912 22
16 2376 22
2376 2400 6
3908 3393 22
336 2468 22
2468 3253 8
2468 1266 10
66 1351 22
1351 3141 5
3141 3432 1
3090 1170 22
1025 2289 23
609 235 23
2828 1397 23
1397 893 10
1397 961 21
3047 3046 23
563 2891 23
2891 2985 4
14 3258 23
3258 3248 19
3248 2195 3
45 2617 23
137 297 23
409 314 23
1705 1976 23
3796 3794 23
722 1878 23
1878 3655 21
2480 2972 23
2269 115 23
115 479 18
1620 1844 23
1844 1948 17
2073 3766 23
1416 1454 23
163 1715 23
283 457 23
3221 2841 23
1692 1743 23
1743 1386 6
291 2465 23
2804 2929 23
2114 267 23
822 805 23
805 992 23
1029 1810 23
3520 1924 23
1924 4081 22
1420 444 23
444 2716 21
3628 3743 23
3528 937 23
236 1479 23
1479 1776 21
2086 3620 23
337 495 23
728 2640 23
178 246 23
246 2430 13
2430 2558 1
3427 1980 23
1172 1237 23
1237 1477 3
1207 3106 23
836 607 23
382 1382 23
1382 2019 15
4 2405 23
252 758 23
758 503 9
503 1533 6
758 174 12
2424 3377 24
1966 1070 24
1070 1801 13
270 2618 24
2618 3256 9
2569 2363 24
2363 3647 19
3360 4068 24
4068 3838 1
434 2294 24
2294 2236 21
2236 2223 11
1988 3724 24
2837 921 24
921 733 12
733 712 21
712 2859 24
966 911 24
2449 2973 24
165 2334 24
2206 3358 24
3729 2955 24
1064 4014 24
1703 679 24
370 1009 24
1009 953 2
953 3315 0
1009 2273 3
953 3000 24
448 832 24
3177 1117 24
1117 3036 9
3361 3626 24
1744 1618 24
2440 410 24
3105 3639 24
3639 3635 8
833 883 24
654 942 24
63 231 24
2990 899 24
3978 3980 24
3221 2901 24
695 1589 24
2985 3028 24
961 3651 24
3651 3667 10
3667 3589 2
3667 2675 21
3141 3416 24
3232 3594 24
766 3625 24
570 1582 24
1582 1951 18
1265 2801 24
3304 3259 24
3259 3242 9
1161 1169 24
261 1303 24
1303 3989 1
2384 3560 24
2604 1196 24
1563 1819 24
1819 2470 6
220 1112 24
1112 3568 1
3568 2489 1
1112 117 8
1966 1838 24
521 1928 24
2386 3542 24
2287 2237 24
2628 2512 24
2512 3534 1
2512 1360 8
1360 2502 0
2502 2253 8
384 3040 24
3040 492 11
492 1506 3
1506 477 16
672 3312 24
2441 2397 24
760 1767 24
1767 1225 14
6 1481 24
1749 3738 24
3857 3285 24
39 215 25
3953 1907 25
2085 311 25
311 1855 6
1177 3465 25
3448 1881 25
1881 78 22
441 1452 25
1795 1673 25
2260 3268 25
3656 3313 25
3313 3538 18
1503 1149 25
2083 1095 25
2377 3192 25
3192 3194 17
3194 3550 13
3550 2494 20
1683 2887 25
418 949 25
1109 2103 25
1979 3428 25
84 4089 25
2636 3788 25
2069 3981 25
3981 3859 20
1537 3207 25
3728 2331 25
117 737 25
737 3868 15
3868 3846 17
3869 2579 25
2392 2075 25
2075 3862 18
3862 2840 25
2840 2960 13
899 834 25
5 693 25
1170 1476 25
1137 2165 25
766 2302 25
2302 2546 17
1118 1294 25
1294 3694 22
1307 1490 25
1797 839 25
3601 2769 25
2535 1250 25
1250 1257 11
929 2979 25
18 3158 25
387 1747 25
3023 2550 25
2697 2473 25
2473 3045 11
1558 1884 25
2629 2741 25
2180 2135 25
2135 2134 10
2135 3254 22
2391 3380 26
3380 2300 18
2300 3435 7
1114 1934 26
3079 2611 26
2611 1083 1
2611 319 10
775 1415 26
663 3732 26
1 269 26
2071 2619 26
2666 730 26
730 702 4
2369 2393 26
3842 1863 26
42 1370 26
1370 3807 15
525 543 26
771 2755 26
2969 4027 26
2652 1150 26
2002 1940 26
1940 1908 20
2586 1758 26
3436 3439 26
1036 1815 26
1624 1845 26
994 946 26
946 3514 7
946 3634 24
3634 3506 7
3158 3825 26
2392 3454 26
3454 3578 12
2153 553 26
2179 2292 26
3300 2886 26
1633 2166 26
2626 3171 26
593 2726 26
2726 1760 22
420 636 26
636 2797 15
3409 3856 26
3856 3843 7
314 2462 26
3128 3450 26
279 2268 26
1269 2420 26
2448 1168 26
1168 3509 14
175 2699 26
2694 3974 26
3840 3540 26
378 2471 26
1372 3421 26
3421 1181 8
3421 2527 24
2501 2500 26
2500 1252 4
1252 1732 10
810 1871 26
2379 2399 26
2399 1017 21
4003 2591 26
1320 1483 26
2412 3021 26
3021 2317 2
1957 1517 26
3648 3893 26
3893 3936 19
3145 4033 27
1025 2001 27
3253 1324 27
1178 3274 27
3876 4000 27
4000 4041 17
3392 2514 27
201 1737 27
3117 2093 27
249 1203 27
3097 3083 27
464 784 27
784 859 4
1109 1399 27
1399 1495 9
2335 825 27
1017 1897 27
1067 3899 27
1036 1996 27
1996 1864 17
2077 3609 27
1278 1247 27
1247 377 23
3557 3543 27
3543 3537 23
2375 331 27
331 334 14
732 880 27
1253 2775 27
3719 3213 27
3213 3457 7
3457 1449 0
306 3024 27
1818 1355 27
3402 1850 27
1744 1773 27
1123 3815 27
1303 2367 27
897 727 27
420 481 27
481 488 0
488 2026 16
481 2497 27
1362 1111 27
1492 510 27
2505 1489 27
158 3228 27
3228 3210 9
3210 3971 26
3599 3595 27
2133 2518 27
1584 3939 27
3939 3777 19
342 3440 27
3440 1148 8
1148 1277 20
1148 1374 24
1374 3277 25
3277 3533 10
208 1206 27
1206 2742 2
1044 2998 28
2998 2606 9
2606 2830 21
2606 1998 21
1808 1361 28
612 736 28
2396 2620 28
1057 1197 28
1197 3294 1
3294 3322 28
1708 4009 28
594 1590 28
1590 1798 27
1350 1639 28
2824 393 28
356 1054 28
249 2280 28
2280 3816 14
3817 3433 28
1281 2977 28
2977 3497 2
3497 3411 7
3497 1321 19
1321 1505 27
1505 2031 27
2656 2685 28
3810 3698 28
3698 3608 23
3608 1241 19
3608 3598 21
1538 2570 28
160 2792 28
1666 1363 28
1363 1514 1
184 440 28
2188 2183 28
2183 2795 18
2795 1839 20
2490 2794 28
2794 2732 18
2323 3915 28
3915 3458 22
3458 2986 6
877 373 28
4010 3690 28
3690 3596 25
324 2508 28
2514 3505 28
3891 1870 28
831 3623 28
696 1880 28
2912 3010 28
43 2428 28
2428 2860 10
3394 3946 28
851 731 28
1343 2447 28
2845 2637 28
2321 308 28
1201 2455 28
1269 1175 28
1708 3340 28
3340 4065 18
4065 2017 2
3340 3844 20
501 886 28
3599 3607 28
3607 3111 27
3145 1353 28
2566 3126 28
3330 3342 28
409 915 28
958 2927 28
2909 2983 28
255 155 28
2072 3160 28
327 1478 28
2873 813 28
813 1393 22
3080 3265 29
1034 1272 29
296 826 29
3461 3237 29
3756 3310 29
2444 3885 29
3885 413 19
2680 623 29
3724 3716 29
4047 485 29
485 1912 4
3832 3031 29
3031 2000 12
2000 916 29
1058 1275 29
1275 3769 25
1675 1927 29
743 3015 29
642 1954 29
904 4063 29
4063 3293 1
2700 745 29
2330 3404 29
3404 3659 23
1632 1612 29
3144 3641 29
370 2365 29
1624 3818 29
699 687 29
1881 1997 29
2955 3786 29
1674 3199 29
560 2866 29
3106 1126 29
1126 1142 15
77 735 29
479 470 29
2892 3042 29
2947 1445 29
1445 3526 0
403 3303 29
3303 1395 14
2563 2709 29
1800 1414 29
3617 3190 29
2355 2359 29
193 905 29
2896 2784 29
2784 2724 23
2784 2928 28
2928 3960 3
4029 1384 29
1347 1886 29
1659 1777 29
2443 947 29
3432 3337 29
3337 1333 19
3337 3809 25
1235 3572 29
651 1677 30
3001 872 30
433 1516 30
1857 1889 30
1889 1869 14
2404 3949 30
3780 3284 30
3284 2132 16
2816 2108 30
2378 3468 30
2088 2671 30
2375 111 30
2633 2665 30
2063 2163 30
2704 3610 30
1041 4040 30
1384 1400 30
3293 1011 30
1011 1968 23
2700 3750 30
3750 2211 19
2211 3875 14
3875 3219 11
3219 3035 28
3885 3887 30
3887 3855 6
3855 3638 10
3598 1082 30
3454 3821 30
3282 3250 30
3250 1195 18
2691 2277 30
2277 2018 27
3812 3820 30
43 2411 30
236 3748 30
3748 2324 26
378 357 30
27 379 30
379 254 10
1938 442 30
1217 2157 30
2157 2543 1
2628 2599 30
2599 3429 0
3429 1022 11
1838 1790 30
2826 2842 30
2316 567 30
1665 1434 30
3264 3785 30
51 506 31
130 123 31
3037 3143 31
2817 2381 31
1860 611 31
611 1267 14
1024 1451 31
147 2803 31
2803 3822 12
2803 2547 18
1333 1315 31
1886 1693 31
1334 430 31
1970 2874 31
1272 1690 31
1870 330 31
1639 3267 31
3267 3779 18
3267 3335 22
3260 3135 31
993 1731 31
354 1901 31
3660 3615 31
1382 956 31
706 1358 31
1358 3038 23
2091 3127 31
501 1923 31
3968 3918 31
3918 2943 31
2943 3517 25
264 234 31
1928 1480 31
1480 1482 10
1480 473 28
2226 170 31
1140 3156 31
3156 2385 18
2196 2101 31
2185 2475 31
2475 3002 29
1621 1101 31
3681 1809 32
2308 2353 32
2306 2368 32
3944 3952 32
330 1378 32
9 1335 32
1335 2615 9
2615 1293 29
2842 3034 32
3572 4023 32
2802 1766 32
1766 1519 3
3869 1953 32
533 957 32
11 2479 32
3017 2491 32
2491 3507 22
3507 498 2
79 2270 32
2270 2515 1
2662 628 32
1111 3935 32
553 619 32
2076 3606 32
747 110 32
2066 2738 32
2738 2730 17
2297 3829 32
3016 2764 32
1140 1813 32
2121 2246 32
2199 183 32
3073 3131 33
688 431 33
961 599 33
1057 1299 33
1299 3699 7
1866 3418 33
2427 2649 33
2320 1392 33
436 932 33
3787 3733 33
611 976 33
1768 2988 33
2988 3773 21
3190 2276 33
3190 3830 33
736 935 33
2689 1987 33
1996 995 33
1425 948 33
2975 2703 33
2203 2857 33
1116 847 33
847 3951 5
2145 3297 33
2674 1848 33
2261 2715 33
1643 1531 33
3476 3764 33
3090 3679 33
31 925 33
925 415 1
925 3413 17
522 541 33
541 2844 20
2844 3933 0
1540 3415 34
696 1158 34
2628 3861 34
2320 3334 34
1578 3886 34
2499 3063 34
2516 4022 34
234 2155 34
1952 2745 34
2324 3798 34
3798 3806 18
1512 1182 34
160 2275 34
2275 4042 13
1798 1547 34
2591 2581 34
1168 1936 34
3380 4048 34
2863 3003 34
2641 3011 34
3028 3056 34
1588 1596 34
2705 3025 34
2478 4078 34
2352 3491 34
560 505 34
68 542 34
542 575 10
542 2894 18
2894 4058 9
3941 1854 34
3098 3930 34
873 875 34
1079 3384 35
3500 2534 35
2085 3531 35
8 2872 35
2260 3287 35
1053 3193 35
452 3060 35
2957 3215 35
681 1963 35
528 566 35
3468 3484 35
3484 3558 6
155 1475 35
1475 1984 32
2051 3683 35
3683 3721 25
275 930 35
930 3026 30
930 1962 33
1962 1566 34
664 1992 35
1099 1227 35
1117 3644 35
1551 1645 35
2716 399 35
3735 1702 35
226 838 35
1230 3884 35
626 1102 35
1165 3371 35
1890 1403 35
1403 757 3
304 3369 36
1289 1765 36
1765 2032 24
2032 2041 13
171 2670 36
1811 1417 36
2353 3381 36
3381 1406 15
1495 3799 36
2382 3983 36
185 2749 36
947 1914 36
2094 2870 36
2834 3611 36
3611 3931 13
2376 333 36
1372 1524 36
2501 3029 36
2221 3486 36
2557 3511 36
2472 3276 36
1770 1214 36
1214 1020 35
2698 2425 36
3582 1391 37
698 2810 37
930 630 37
722 2931 37
3011 475 37
734 3902 37
1766 3686 37
3615 3703 37
1195 3238 37
3238 3802 23
28 2200 37
3008 3022 37
1069 1725 37
876 366 37
1812 4084 37
3852 4008 37
894 242 37
2139 3403 37
2916 2956 37
2956 2445 0
1044 3157 37
3654 3866 38
3873 1444 38
329 1261 38
1261 1535 2
1261 1943 7
2874 622 38
3093 3333 38
3333 3447 4
3447 3441 32
528 1680 38
1680 1462 19
312 3378 38
1714 3754 38
1841 1528 38
1506 3492 38
3492 1460 26
1269 1526 38
1614 1894 38
2521 3295 38
128 1501 38
2233 2717 39
2717 2707 0
2717 3997 30
2717 2773 38
286 797 39
1865 1662 39
3464 3661 39
3884 3922 39
1193 889 39
889 1903 8
1903 1213 12
3228 3627 39
3841 2855 39
2855 1911 24
2611 3824 39
1829 1199 39
1685 1853 39
1786 586 39
586 2638 5
586 1630 10
2638 703 27
586 2798 33
3485 2744 39
633 3642 39
2929 1973 39
1300 2950 39
1442 2446 39
1464 761 39
3448 2168 40
3880 3700 40
2244 3189 40
3189 3637 5
3493 3181 40
2223 2351 40
2351 2327 35
295 3890 40
333 343 40
3861 3640 40
473 3438 40
825 1555 40
198 87 40
91 2655 40
670 973 40
1138 2291 40
1432 1567 40
3587 3049 40
3049 2915 37
2646 603 40
2400 2851 40
1700 1788 40
513 1617 40
1617 2780 4
2478 2282 40
3172 4085 41
400 2552 41
3464 1532 41
1532 1781 21
3718 1755 41
1417 2457 41
555 47 41
2844 989 41
2479 335 41
3570 1270 41
1174 914 41
1353 2025 41
2025 4011 9
2025 990 38
3609 2141 41
1370 1404 41
738 3782 41
670 862 41
862 846 39
805 3445 41
2360 3498 41
1112 1438 41
1438 1822 19
1822 3704 18
3628 3629 41
1337 1319 41
2436 2503 41
2745 665 42
234 683 42
2148 821 42
2128 3444 42
3444 3564 29
3740 1295 42
1295 3664 3
46 1263 42
462 707 42
585 1647 42
2817 2937 42
2453 3541 42
1281 1419 42
333 2777 42
362 3169 42
2843 2895 42
2895 1407 15
562 2038 42
18 1311 42
1518 4012 42
2100 3065 42
1330 1455 42
2282 2290 43
2404 3308 43
2112 369 43
369 496 5
2796 2542 43
1447 939 43
3472 1466 43
3918 4046 43
2804 3767 43
3137 1381 43
1737 1867 43
1544 3938 43
3840 3854 43
3854 3783 11
3854 2908 32
2010 2981 43
584 3052 43
376 502 43
1333 613 43
613 4087 14
210 2288 43
1360 2020 44
2032 2021 44
1063 1081 44
2484 3990 44
2232 3257 44
3433 4067 44
636 824 44
93 1657 44
874 428 44
428 3804 25
2563 2549 44
2549 437 20
2050 3343 44
3343 3359 27
1036 3571 44
1440 2477 44
1538 1906 45
3492 3556 45
192 756 45
2810 3263 45
2088 3292 45
1668 1806 45
3896 1964 45
1299 1331 45
1331 3379 27
1840 1834 45
2070 2332 45
773 463 45
2131 3407 45
2388 469 45
774 895 46
1452 1342 46
1342 478 18
1352 1468 46
1578 3622 46
1297 2481 46
2088 1956 46
3848 3883 46
3883 1899 3
1899 2024 21
2212 2222 46
3734 1950 46
3742 4074 46
1874 3670 46
560 2831 46
47 571 47
2208 2800 47
2800 2917 28
3832 1631 47
3522 4073 47
2546 2043 47
638 998 47
899 427 47
2091 1071 47
918 2964 47
2492 4001 47
2587 2903 47
3226 3102 47
896 2766 47
1077 3515 48
1516 1918 48
1889 3527 48
1417 3737 48
1056 1961 48
483 885 48
2702 3791 48
193 1139 48
1672 3482 48
1000 2028 48
600 3932 48
3932 4060 26
3380 500 49
500 954 34
736 1262 49
761 799 49
3500 3296 49
3072 3314 49
3703 3959 49
3081 2568 49
671 1437 49
3863 919 49
1284 1910 49
500 2036 49
1079 1327 49
748 1006 49
1006 850 11
2696 4013 50
4013 4093 32
1148 1005 50
1826 3928 50
893 879 50
1697 3985 50
776 443 50
400 190 50
190 2814 28
2083 3691 50
1645 1789 50
1693 3005 50
1410 451 50
451 1522 21
451 3555 41
3024 1010 50
2801 2295 50
2379 2827 50
685 3710 50
3710 3708 5
1008 2995 50
3320 3901 51
555 978 51
593 779 51
779 907 36
2075 2339 51
2066 2459 51
1745 1909 51
2804 2788 51
2843 2829 51
3161 2812 51
51 187 52
2631 1847 52
3215 924 52
924 3068 40
2353 3122 52
542 2982 52
519 795 52
2473 2493 52
3307 1131 52
3149 3678 52
3972 3988 52
787 2227 52
3118 3892 52
3892 3870 22
33 2869 52
532 1686 53
1514 1978 53
602 591 53
3518 3994 53
1763 1764 53
1254 1778 53
3120 3636 53
3636 4055 16
909 3593 53
304 3437 53
145 1656 53
1656 1726 34
2660 1644 54
1644 3727 7
3727 3741 44
2080 3101 54
872 1018 54
1018 1499 40
3627 3693 54
3693 3966 0
3966 3961 36
3966 3982 48
1115 3547 54
2077 4004 54
3426 2974 54
2136 507 54
3092 3318 54
3318 3167 26
3167 2847 5
3318 2807 50
2 3529 54
3529 1933 37
2433 3753 54
1162 62 54
2568 3566 54
998 2910 54
2099 2987 54
539 2879 55
1562 3227 55
1136 1274 55
1574 3646 55
2337 1529 55
1529 1209 46
986 474 55
525 3539 55
3847 2971 55
2553 2939 55
2939 3955 18
2842 2590 55
33 2485 55
273 375 55
2525 2713 56
3438 2921 56
1903 3967 56
3550 3478 56
3458 3339 56
1590 878 56
3003 3455 56
3450 3929 56
3929 2770 0
3929 987 22
987 1007 55
2313 3489 56
2184 1388 56
794 2906 56
775 4053 57
2250 1002 57
192 2169 57
2206 3230 57
642 3070 57
1839 823 57
2778 2811 57
1863 3765 57
1674 1759 57
4065 2545 57
2545 2551 1
3112 3758 57
1201 1456 57
1456 1926 44
2963 1977 57
1632 1583 57
1255 1511 58
2362 3387 58
129 3205 58
1097 1346 58
2103 2347 58
2924 941 58
1986 1882 58
425 1491 58
3567 3301 58
2856 3706 58
211 1991 58
2463 3574 59
3355 2387 59
3714 4088 59
2160 3195 59
3173 2171 59
1130 1402 59
1866 1990 59
600 2575 59
2575 3067 53
91 2138 59
1952 494 59
1495 1694 59
1310 3165 59
3165 3800 36
1154 1832 59
2083 3305 60
1000 1498 60
2456 2623 60
682 1782 60
1573 3945 60
1062 2271 60
1457 1523 60
528 1458 60
1040 3865 60
365 421 61
3953 3417 61
1390 2919 61
1428 1439 61
1673 3225 61
3225 2711 20
208 1564 61
352 1387 62
1387 1322 36
1322 3386 0
1545 1775 62
1391 1004 62
1213 1757 62
2584 2684 62
844 2938 62
3851 2366 62
616 4034 62
3518 3508 62
2819 3658 62
1554 2009 63
103 1019 63
15 2654 63
3524 940 63
3944 3919 63
625 2679 63
1224 1234 64
1290 3183 64
1281 3503 64
1293 3175 64
4034 3702 64
1169 2813 64
3972 3921 64
256 309 64
2148 869 65
2245 933 65
2208 2999 65
3688 3561 65
1676 3643 65
2232 446 65
889 635 65
3183 2765 65
2679 3255 65
3633 4031 65
3858 2687 65
1116 3676 65
2072 3801 65
1878 2022 66
2354 3947 66
534 1742 66
1909 2005 66
1282 3494 66
3494 2439 48
1966 1823 66
965 1341 66
3860 3926 67
1123 1401 67
2152 4057 67
3624 1779 68
927 1917 68
3494 3717 68
3717 4045 2
997 1001 68
3858 4082 68
693 3631 68
2662 2622 68
2622 2902 56
3576 4019 68
77 2905 68
2916 639 68
1066 4015 69
2114 3366 69
1722 4030 69
2319 2278 69
1442 2467 69
1351 855 69
855 3071 66
188 3761 70
1887 3775 70
2484 3580 70
0 4072 70
4071 1807 70
1088 2782 70
723 1780 71
557 2668 71
1909 3965 71
3965 843 6
820 2037 71
2037 2044 33
167 1946 72
3280 3327 72
169 2809 72
1825 3687 72
2985 3007 72
2587 3839 72
1626 1791 73
3747 3247 73
844 2893 73
2833 2875 73
232 221 73
1558 1559 73
1559 1671 34
1741 3057 74
2978 2482 74
3482 3134 74
3134 3262 0
3757 3725 75
2747 3837 75
1624 3697 75
3401 3903 75
2219 2779 75
1185 4005 76
1004 4076 76
2021 2559 76
768 3041 76
2653 3133 76
933 3495 76
3288 3309 76
3464 4092 76
2382 2398 76
2587 2907 76
1767 1783 77
978 3050 77
3506 2006 77
139 2523 77
43 2659 77
1291 923 78
512 2878 78
2237 4021 78
695 127 78
291 3917 78
44 3774 78
1366 2004 78
905 3993 78
535 2876 79
2593 3763 79
3796 4064 79
404 511 79
73 3182 79
3927 3925 80
2801 3033 80
2473 3449 80
3468 1433 81
2881 3562 81
1960 3018 82
1070 3502 82
1977 3519 82
1965 1885 83
2881 3934 83
1191 1471 83
1557 2953 83
1795 3976 84
3135 2046 84
3322 1525 84
3234 3554 85
1644 1660 85
1914 3388 85
1152 3814 85
2142 2682 85
419 3239 86
3239 3755 80
442 2555 86
746 3823 86
2443 938 86
938 2027 56
547 2239 86
1203 3827 87
237 701 87
360 2413 87
2106 3770 87
3192 3964 88
2164 3317 88
125 3645 88
4050 3674 88
2784 3692 88
2426 3452 89
1321 1467 89
917 2967 90
3402 3535 90
385 991 90
3639 3159 90
2550 2934 91
2934 3958 23
2553 2751 92
174 1663 92
1091 2911 93
704 3795 93
3232 3762 93
3762 3751 10
1639 2023 93
1804 3053 93
3471 1982 93
3928 2013 93
2132 2719 94
4055 4051 95
353 1527 95
3212 3501 95
3270 2541 96
3332 4077 96
422 1405 97
36 3261 98
3795 3479 99
