Min Cost: 36999
0	(0, 198, 2)	(0, 392, 3)	(0, 1780, 4)	(0, 1604, 11)	(0, 425, 11)	(0, 1145, 24)	(0, 124, 31)	
1	(1, 1037, 2)	(1, 949, 1)	(1, 1396, 3)	(1, 1429, 6)	(1, 1649, 9)	(1, 7, 14)	(1, 401, 15)	(1, 372, 26)	(1, 550, 28)	
2	(2, 22, 3)	(2, 203, 0)	(2, 35, 2)	(2, 193, 2)	(2, 770, 4)	(2, 1043, 5)	(2, 1040, 9)	(2, 522, 13)	
3	(3, 514, 4)	(3, 138, 3)	(3, 598, 10)	
4	(4, 11, 5)	(4, 268, 4)	(4, 196, 6)	
5	(5, 1025, 5)	(5, 85, 3)	(5, 1061, 5)	(5, 256, 5)	(5, 1060, 11)	(5, 303, 22)	(5, 669, 30)	(5, 10, 5)	
6	(6, 272, 19)	(6, 1686, 1)	(6, 39, 3)	(6, 1162, 5)	(6, 142, 8)	
7	(7, 1, 14)	(7, 337, 5)	(7, 113, 9)	
8	(8, 68, 2)	(8, 40, 4)	(8, 1068, 5)	(8, 661, 17)	
9	(9, 1335, 2)	(9, 521, 35)	
10	(10, 384, 7)	(10, 204, 1)	(10, 594, 2)	(10, 515, 8)	(10, 769, 16)	(10, 5, 5)	
11	(11, 145, 3)	(11, 266, 1)	(11, 4, 5)	(11, 189, 12)	(11, 323, 12)	
12	(12, 128, 8)	(12, 1059, 7)	(12, 1134, 8)	(12, 620, 19)	(12, 310, 21)	
13	(13, 71, 26)	
14	(14, 1035, 10)	
15	(15, 1024, 2)	(15, 1609, 7)	
16	(16, 1612, 8)	(16, 28, 2)	(16, 272, 8)	(16, 76, 14)	
17	(17, 1034, 9)	(17, 1050, 2)	(17, 99, 4)	
18	(18, 1794, 0)	(18, 167, 5)	(18, 19, 15)	
19	(19, 18, 15)	(19, 182, 7)	(19, 107, 11)	
20	(20, 1084, 8)	(20, 52, 3)	(20, 86, 6)	(20, 152, 7)	(20, 2029, 7)	(20, 1564, 9)	(20, 188, 16)	(20, 1492, 55)	
21	(21, 641, 16)	(21, 46, 0)	(21, 1795, 27)	
22	(22, 36, 3)	(22, 2, 3)	(22, 1575, 46)	
23	(23, 29, 0)	(23, 647, 15)	
24	(24, 817, 10)	(24, 1417, 3)	(24, 1144, 26)	
25	(25, 1784, 12)	(25, 1051, 10)	(25, 1641, 18)	(25, 253, 71)	
26	(26, 58, 3)	(26, 186, 2)	(26, 339, 6)	
27	(27, 282, 21)	(27, 537, 6)	(27, 1309, 11)	
28	(28, 16, 2)	(28, 702, 22)	
29	(29, 1125, 2)	(29, 23, 0)	(29, 957, 34)	
30	(30, 536, 16)	(30, 120, 5)	(30, 108, 14)	
31	(31, 45, 2)	
32	(32, 112, 4)	(32, 484, 6)	(32, 38, 7)	(32, 698, 10)	(32, 890, 14)	
33	(33, 146, 0)	(33, 1299, 0)	(33, 1698, 3)	(33, 1318, 5)	(33, 305, 7)	(33, 1696, 15)	(33, 675, 26)	
34	(34, 1051, 5)	(34, 1570, 14)	(34, 816, 14)	
35	(35, 2, 2)	(35, 264, 2)	(35, 293, 12)	(35, 327, 24)	
36	(36, 112, 3)	(36, 22, 3)	(36, 676, 6)	(36, 416, 7)	(36, 1213, 7)	
37	(37, 1253, 16)	
38	(38, 32, 7)	(38, 162, 6)	(38, 654, 10)	(38, 74, 24)	
39	(39, 6, 3)	
40	(40, 8, 4)	
41	(41, 298, 16)	
42	(42, 226, 3)	(42, 574, 5)	(42, 112, 6)	(42, 312, 16)	
43	(43, 293, 3)	
44	(44, 132, 18)	(44, 1455, 3)	
45	(45, 1064, 9)	(45, 31, 2)	(45, 61, 11)	(45, 1848, 65)	
46	(46, 21, 0)	
47	(47, 555, 18)	(47, 1065, 45)	
48	(48, 1104, 0)	(48, 692, 5)	(48, 84, 6)	
49	(49, 51, 2)	(49, 1179, 11)	
50	(50, 1050, 2)	(50, 160, 0)	
51	(51, 1121, 0)	(51, 115, 1)	(51, 49, 2)	(51, 129, 6)	
52	(52, 20, 3)	(52, 436, 0)	(52, 96, 1)	(52, 117, 9)	
53	(53, 225, 13)	
54	(54, 61, 11)	
55	(55, 1187, 0)	
56	(56, 164, 13)	
57	(57, 1029, 4)	
58	(58, 808, 2)	(58, 26, 3)	(58, 618, 4)	(58, 259, 4)	(58, 1137, 12)	(58, 444, 36)	
59	(59, 104, 50)	(59, 1915, 59)	
60	(60, 660, 12)	(60, 127, 1)	(60, 1132, 6)	
61	(61, 45, 11)	(61, 1404, 7)	(61, 54, 11)	(61, 571, 16)	
62	(62, 314, 8)	(62, 2036, 10)	
63	(63, 129, 13)	
64	(64, 204, 4)	(64, 1105, 0)	(64, 68, 4)	(64, 866, 7)	
65	(65, 705, 4)	(65, 93, 3)	(65, 561, 6)	(65, 324, 8)	(65, 576, 14)	
66	(66, 1042, 7)	(66, 1602, 1)	(66, 459, 36)	
67	(67, 496, 11)	(67, 1474, 3)	(67, 747, 4)	(67, 82, 14)	(67, 627, 36)	
68	(68, 64, 4)	(68, 658, 0)	(68, 8, 2)	(68, 593, 8)	(68, 166, 11)	(68, 614, 34)	
69	(69, 160, 10)	(69, 275, 10)	
70	(70, 225, 9)	(70, 1988, 15)	
71	(71, 384, 26)	(71, 13, 26)	
72	(72, 866, 6)	(72, 216, 20)	
73	(73, 393, 18)	(73, 248, 16)	
74	(74, 38, 24)	
75	(75, 1161, 7)	(75, 1869, 66)	
76	(76, 16, 14)	
77	(77, 1177, 8)	(77, 110, 4)	(77, 861, 14)	(77, 581, 15)	
78	(78, 202, 2)	(78, 668, 4)	(78, 158, 12)	
79	(79, 102, 50)	
80	(80, 580, 9)	(80, 402, 0)	(80, 209, 10)	(80, 1381, 18)	(80, 500, 24)	(80, 818, 52)	(80, 1788, 71)	
81	(81, 84, 4)	(81, 1457, 1)	(81, 449, 4)	(81, 98, 9)	(81, 1163, 11)	
82	(82, 67, 14)	
83	(83, 275, 8)	(83, 556, 0)	(83, 218, 8)	
84	(84, 48, 6)	(84, 81, 4)	(84, 128, 8)	(84, 341, 19)	(84, 1472, 19)	
85	(85, 5, 3)	
86	(86, 20, 6)	(86, 662, 0)	(86, 764, 7)	(86, 1206, 13)	(86, 1671, 13)	
87	(87, 144, 36)	(87, 831, 5)	
88	(88, 1024, 41)	
89	(89, 269, 5)	
90	(90, 530, 5)	(90, 122, 6)	(90, 891, 89)	
91	(91, 208, 7)	(91, 131, 1)	
92	(92, 1112, 3)	(92, 1118, 5)	(92, 636, 43)	
93	(93, 65, 3)	(93, 345, 10)	
94	(94, 209, 7)	(94, 1150, 15)	
95	(95, 453, 30)	(95, 111, 34)	
96	(96, 52, 1)	(96, 224, 6)	(96, 344, 11)	(96, 1336, 12)	(96, 944, 23)	
97	(97, 244, 8)	
98	(98, 81, 9)	
99	(99, 17, 4)	(99, 102, 10)	(99, 299, 15)	
100	(100, 112, 19)	(100, 628, 7)	
101	(101, 1028, 2)	(101, 1684, 0)	(101, 1263, 20)	(101, 1151, 67)	
102	(102, 99, 10)	(102, 79, 50)	
103	(103, 366, 20)	
104	(104, 1312, 5)	(104, 59, 50)	
105	(105, 292, 11)	
106	(106, 361, 13)	(106, 1632, 10)	
107	(107, 19, 11)	(107, 1315, 27)	
108	(108, 30, 14)	(108, 382, 19)	
109	(109, 332, 10)	
110	(110, 77, 4)	(110, 1646, 22)	(110, 126, 28)	
111	(111, 95, 34)	
112	(112, 42, 6)	(112, 36, 3)	(112, 32, 4)	(112, 1056, 8)	(112, 100, 19)	(112, 114, 24)	(112, 247, 32)	
113	(113, 7, 9)	(113, 625, 10)	(113, 1377, 14)	(113, 1143, 20)	
114	(114, 112, 24)	(114, 371, 8)	(114, 180, 12)	(114, 1398, 53)	
115	(115, 51, 1)	(115, 609, 11)	(115, 731, 11)	
116	(116, 176, 27)	
117	(117, 52, 9)	
118	(118, 1146, 14)	(118, 1351, 0)	
119	(119, 740, 28)	
120	(120, 30, 5)	
121	(121, 787, 17)	
122	(122, 90, 6)	(122, 544, 1)	(122, 1278, 5)	
123	(123, 573, 8)	(123, 1125, 10)	
124	(124, 0, 31)	(124, 638, 17)	
125	(125, 1391, 14)	(125, 1148, 15)	
126	(126, 110, 28)	(126, 1655, 29)	(126, 655, 47)	
127	(127, 60, 1)	
128	(128, 84, 8)	(128, 130, 5)	(128, 12, 8)	(128, 744, 9)	
129	(129, 51, 6)	(129, 388, 2)	(129, 1220, 5)	(129, 144, 10)	(129, 63, 13)	(129, 1409, 13)	(129, 1285, 16)	
130	(130, 128, 5)	(130, 524, 3)	(130, 178, 7)	(130, 132, 15)	(130, 447, 21)	(130, 1174, 25)	(130, 708, 30)	(130, 967, 39)	
131	(131, 91, 1)	(131, 1171, 2)	(131, 1995, 9)	
132	(132, 130, 15)	(132, 165, 4)	(132, 44, 18)	
133	(133, 547, 21)	
134	(134, 1238, 11)	
135	(135, 394, 4)	(135, 151, 6)	
136	(136, 236, 10)	(136, 1520, 14)	(136, 652, 15)	(136, 153, 15)	(136, 1421, 59)	
137	(137, 192, 3)	(137, 573, 8)	
138	(138, 3, 3)	(138, 1064, 6)	(138, 697, 7)	(138, 648, 7)	(138, 670, 13)	
139	(139, 1034, 17)	(139, 1033, 10)	
140	(140, 397, 14)	
141	(141, 732, 9)	(141, 1089, 1)	
142	(142, 6, 8)	
143	(143, 1179, 13)	(143, 1211, 94)	
144	(144, 129, 10)	(144, 154, 3)	(144, 87, 36)	
145	(145, 1168, 1)	(145, 555, 2)	(145, 11, 3)	(145, 720, 13)	
146	(146, 154, 1)	(146, 33, 0)	(146, 1052, 14)	(146, 215, 20)	
147	(147, 178, 10)	(147, 1945, 35)	
148	(148, 402, 23)	
149	(149, 1045, 8)	(149, 461, 3)	
150	(150, 428, 0)	
151	(151, 135, 6)	(151, 1463, 34)	
152	(152, 20, 7)	(152, 1690, 25)	(152, 667, 41)	
153	(153, 136, 15)	
154	(154, 144, 3)	(154, 146, 1)	(154, 398, 6)	(154, 1905, 30)	
155	(155, 187, 2)	(155, 473, 36)	
156	(156, 1112, 10)	(156, 2014, 51)	
157	(157, 345, 14)	(157, 1437, 3)	
158	(158, 78, 12)	(158, 1490, 1)	(158, 1102, 62)	
159	(159, 1583, 58)	
160	(160, 50, 0)	(160, 69, 10)	(160, 1343, 19)	
161	(161, 1248, 6)	(161, 426, 11)	(161, 369, 22)	
162	(162, 38, 6)	(162, 202, 3)	(162, 548, 27)	
163	(163, 1089, 7)	(163, 1347, 7)	
164	(164, 484, 12)	(164, 1164, 3)	(164, 693, 8)	(164, 1169, 9)	(164, 56, 13)	
165	(165, 132, 4)	(165, 773, 10)	(165, 171, 11)	
166	(166, 68, 11)	
167	(167, 18, 5)	
168	(168, 249, 30)	(168, 634, 7)	
169	(169, 425, 21)	(169, 1452, 11)	
170	(170, 603, 2)	(170, 1514, 21)	
171	(171, 165, 11)	(171, 1445, 16)	(171, 1270, 56)	
172	(172, 260, 11)	(172, 1904, 23)	
173	(173, 204, 7)	(173, 301, 6)	
174	(174, 1063, 33)	
175	(175, 265, 20)	
176	(176, 1424, 7)	(176, 1074, 12)	(176, 116, 27)	
177	(177, 1076, 14)	(177, 429, 0)	
178	(178, 130, 7)	(178, 147, 10)	(178, 214, 16)	(178, 243, 20)	(178, 1724, 38)	(178, 494, 56)	
179	(179, 1138, 61)	
180	(180, 114, 12)	
181	(181, 209, 11)	
182	(182, 19, 7)	(182, 678, 6)	
183	(183, 553, 34)	
184	(184, 648, 12)	(184, 934, 9)	(184, 740, 30)	
185	(185, 424, 0)	(185, 237, 4)	
186	(186, 26, 2)	(186, 1212, 3)	
187	(187, 243, 8)	(187, 155, 2)	(187, 728, 7)	
188	(188, 20, 16)	
189	(189, 11, 12)	(189, 1248, 1)	
190	(190, 635, 14)	(190, 414, 32)	
191	(191, 938, 15)	
192	(192, 329, 4)	(192, 137, 3)	(192, 194, 11)	
193	(193, 2, 2)	(193, 641, 6)	(193, 1504, 6)	(193, 457, 9)	(193, 659, 11)	
194	(194, 192, 11)	(194, 340, 2)	(194, 1156, 3)	(194, 793, 10)	(194, 1291, 10)	(194, 252, 23)	(194, 730, 25)	
195	(195, 1253, 11)	
196	(196, 4, 6)	(196, 737, 7)	
197	(197, 199, 16)	(197, 727, 11)	(197, 1786, 18)	
198	(198, 0, 2)	(198, 1734, 7)	(198, 438, 25)	
199	(199, 519, 10)	(199, 1219, 16)	(199, 197, 16)	
200	(200, 1656, 11)	
201	(201, 602, 2)	
202	(202, 162, 3)	(202, 78, 2)	
203	(203, 2, 0)	(203, 1178, 2)	(203, 1255, 17)	
204	(204, 10, 1)	(204, 580, 0)	(204, 64, 4)	(204, 173, 7)	(204, 221, 17)	(204, 588, 25)	(204, 948, 34)	(204, 1197, 49)	
205	(205, 984, 26)	
206	(206, 590, 34)	
207	(207, 1437, 21)	
208	(208, 209, 11)	(208, 397, 0)	(208, 468, 1)	(208, 1128, 3)	(208, 915, 4)	(208, 91, 7)	(208, 1758, 52)	
209	(209, 80, 10)	(209, 94, 7)	(209, 208, 11)	(209, 181, 11)	(209, 1726, 24)	
210	(210, 1106, 14)	(210, 1912, 0)	(210, 217, 7)	(210, 1754, 93)	
211	(211, 1087, 0)	
212	(212, 340, 7)	
213	(213, 356, 3)	
214	(214, 178, 16)	
215	(215, 146, 20)	(215, 343, 10)	
216	(216, 72, 20)	(216, 330, 0)	(216, 1258, 12)	
217	(217, 210, 7)	
218	(218, 83, 8)	(218, 592, 6)	
219	(219, 543, 1)	
220	(220, 1348, 19)	
221	(221, 204, 17)	
222	(222, 712, 4)	
223	(223, 1062, 3)	
224	(224, 96, 6)	(224, 226, 4)	(224, 972, 12)	
225	(225, 325, 5)	(225, 353, 1)	(225, 70, 9)	(225, 53, 13)	(225, 1252, 13)	(225, 1633, 32)	
226	(226, 224, 4)	(226, 42, 3)	
227	(227, 435, 23)	
228	(228, 609, 11)	
229	(229, 357, 21)	
230	(230, 551, 19)	(230, 231, 0)	
231	(231, 230, 0)	(231, 421, 17)	
232	(232, 1704, 2)	
233	(233, 1059, 40)	
234	(234, 586, 0)	(234, 482, 2)	
235	(235, 1056, 43)	
236	(236, 492, 12)	(236, 136, 10)	(236, 751, 14)	
237	(237, 185, 4)	(237, 239, 3)	
238	(238, 1070, 9)	(238, 367, 32)	
239	(239, 237, 3)	
240	(240, 664, 11)	(240, 420, 3)	
241	(241, 275, 7)	(241, 368, 1)	(241, 653, 30)	(241, 2013, 79)	
242	(242, 432, 12)	(242, 1399, 50)	
243	(243, 178, 20)	(243, 187, 8)	
244	(244, 1124, 0)	(244, 97, 8)	
245	(245, 758, 27)	(245, 1181, 18)	(245, 721, 18)	
246	(246, 805, 2)	
247	(247, 112, 32)	
248	(248, 73, 16)	
249	(249, 404, 38)	(249, 168, 30)	
250	(250, 1192, 28)	
251	(251, 1018, 14)	(251, 1779, 1)	(251, 1027, 21)	
252	(252, 194, 23)	
253	(253, 25, 71)	
254	(254, 1520, 62)	
255	(255, 267, 8)	
256	(256, 5, 5)	(256, 817, 1)	(256, 945, 8)	(256, 352, 8)	(256, 1802, 12)	(256, 292, 14)	
257	(257, 267, 4)	(257, 1152, 0)	(257, 775, 22)	
258	(258, 1376, 8)	(258, 985, 5)	(258, 875, 45)	
259	(259, 58, 4)	(259, 297, 5)	(259, 1903, 17)	
260	(260, 1056, 8)	(260, 512, 1)	(260, 172, 11)	
261	(261, 901, 14)	(261, 285, 1)	(261, 909, 7)	(261, 1095, 11)	(261, 1811, 11)	(261, 645, 12)	
262	(262, 896, 4)	(262, 278, 10)	
263	(263, 582, 10)	(263, 291, 9)	
264	(264, 35, 2)	
265	(265, 1281, 23)	(265, 803, 1)	(265, 175, 20)	
266	(266, 11, 1)	(266, 271, 4)	(266, 1314, 4)	(266, 1282, 4)	
267	(267, 785, 5)	(267, 643, 0)	(267, 1099, 0)	(267, 257, 4)	(267, 255, 8)	(267, 779, 11)	
268	(268, 4, 4)	(268, 1286, 5)	(268, 1262, 40)	
269	(269, 326, 1)	(269, 1353, 2)	(269, 89, 5)	
270	(270, 1030, 17)	
271	(271, 266, 4)	(271, 1447, 22)	
272	(272, 16, 8)	(272, 326, 0)	(272, 1297, 2)	(272, 1296, 9)	(272, 432, 11)	(272, 1044, 11)	(272, 6, 19)	
273	(273, 1803, 2)	(273, 786, 37)	
274	(274, 809, 9)	(274, 1054, 12)	
275	(275, 69, 10)	(275, 241, 7)	(275, 83, 8)	
276	(276, 348, 2)	(276, 309, 5)	(276, 798, 7)	
277	(277, 525, 0)	(277, 1063, 11)	(277, 1020, 24)	
278	(278, 262, 10)	(278, 281, 4)	
279	(279, 534, 1)	(279, 523, 8)	
280	(280, 1163, 14)	(280, 1287, 9)	
281	(281, 278, 4)	
282	(282, 322, 0)	(282, 1300, 14)	(282, 1307, 15)	(282, 27, 21)	
283	(283, 490, 11)	
284	(284, 360, 27)	
285	(285, 261, 1)	
286	(286, 540, 38)	
287	(287, 909, 8)	(287, 316, 13)	
288	(288, 1036, 4)	(288, 356, 2)	(288, 321, 11)	(288, 1335, 17)	
289	(289, 308, 10)	(289, 294, 0)	
290	(290, 1056, 6)	(290, 354, 1)	(290, 363, 8)	
291	(291, 263, 9)	(291, 1792, 4)	(291, 417, 7)	(291, 1342, 27)	
292	(292, 256, 14)	(292, 374, 7)	(292, 105, 11)	
293	(293, 35, 12)	(293, 43, 3)	(293, 300, 13)	(293, 715, 43)	
294	(294, 289, 0)	(294, 295, 18)	(294, 748, 22)	
295	(295, 294, 18)	
296	(296, 430, 5)	(296, 389, 3)	(296, 1225, 9)	(296, 1049, 10)	
297	(297, 259, 5)	(297, 1803, 4)	
298	(298, 1032, 6)	(298, 939, 14)	(298, 41, 16)	
299	(299, 99, 15)	
300	(300, 293, 13)	(300, 1304, 5)	
301	(301, 173, 6)	(301, 1831, 17)	(301, 399, 23)	(301, 1279, 53)	
302	(302, 356, 3)	
303	(303, 5, 22)	
304	(304, 1240, 26)	
305	(305, 33, 7)	(305, 313, 2)	(305, 387, 7)	(305, 579, 8)	
306	(306, 574, 1)	(306, 852, 5)	(306, 820, 5)	
307	(307, 560, 0)	(307, 1147, 69)	
308	(308, 1305, 10)	(308, 289, 10)	(308, 437, 81)	
309	(309, 276, 5)	(309, 1076, 3)	(309, 1965, 3)	
310	(310, 12, 21)	(310, 483, 5)	
311	(311, 816, 40)	
312	(312, 42, 16)	
313	(313, 305, 2)	(313, 889, 10)	
314	(314, 896, 29)	(314, 315, 0)	(314, 62, 8)	
315	(315, 314, 0)	(315, 1015, 34)	
316	(316, 287, 13)	(316, 377, 17)	
317	(317, 503, 18)	(317, 1917, 16)	
318	(318, 825, 10)	(318, 1334, 68)	
319	(319, 1722, 58)	
320	(320, 1808, 8)	(320, 328, 1)	(320, 332, 4)	(320, 1498, 42)	
321	(321, 288, 11)	(321, 1667, 6)	(321, 435, 10)	
322	(322, 776, 7)	(322, 282, 0)	(322, 1867, 40)	
323	(323, 11, 12)	
324	(324, 65, 8)	(324, 1370, 9)	
325	(325, 328, 2)	(325, 225, 5)	(325, 837, 20)	
326	(326, 272, 0)	(326, 269, 1)	(326, 843, 53)	
327	(327, 35, 24)	
328	(328, 320, 1)	(328, 325, 2)	(328, 1289, 5)	
329	(329, 353, 10)	(329, 192, 4)	(329, 1834, 15)	
330	(330, 216, 0)	(330, 1004, 9)	(330, 970, 22)	(330, 1388, 87)	
331	(331, 1294, 16)	(331, 1405, 90)	
332	(332, 320, 4)	(332, 109, 10)	(332, 1798, 16)	
333	(333, 1387, 7)	(333, 981, 2)	(333, 381, 11)	
334	(334, 1032, 2)	
335	(335, 1885, 35)	(335, 349, 41)	(335, 882, 57)	
336	(336, 752, 5)	(336, 978, 1)	
337	(337, 7, 5)	(337, 342, 4)	(337, 403, 14)	(337, 1207, 18)	
338	(338, 370, 10)	(338, 1360, 6)	(338, 1489, 11)	(338, 1366, 17)	(338, 1775, 41)	
339	(339, 26, 6)	
340	(340, 194, 2)	(340, 212, 7)	(340, 854, 9)	
341	(341, 84, 19)	
342	(342, 337, 4)	
343	(343, 215, 10)	(343, 1203, 14)	
344	(344, 96, 11)	(344, 456, 12)	(344, 857, 51)	
345	(345, 93, 10)	(345, 157, 14)	
346	(346, 1704, 27)	
347	(347, 794, 18)	
348	(348, 1306, 6)	(348, 276, 2)	
349	(349, 335, 41)	
350	(350, 1055, 35)	
351	(351, 500, 28)	
352	(352, 256, 8)	(352, 1126, 3)	(352, 778, 3)	(352, 1090, 13)	
353	(353, 225, 1)	(353, 821, 0)	(353, 329, 10)	(353, 993, 18)	(353, 1985, 31)	
354	(354, 290, 1)	(354, 864, 6)	
355	(355, 1059, 19)	(355, 1601, 1)	
356	(356, 288, 2)	(356, 302, 3)	(356, 213, 3)	(356, 1888, 30)	
357	(357, 743, 2)	(357, 229, 21)	
358	(358, 1376, 0)	
359	(359, 1088, 1)	
360	(360, 1320, 24)	(360, 493, 10)	(360, 284, 27)	
361	(361, 939, 12)	(361, 106, 13)	
362	(362, 1000, 35)	
363	(363, 290, 8)	
364	(364, 526, 37)	
365	(365, 908, 65)	
366	(366, 2026, 11)	(366, 554, 1)	(366, 103, 20)	
367	(367, 238, 32)	
368	(368, 241, 1)	
369	(369, 161, 22)	
370	(370, 1330, 1)	(370, 338, 10)	(370, 812, 21)	
371	(371, 114, 8)	(371, 1136, 0)	
372	(372, 1, 26)	
373	(373, 1292, 40)	
374	(374, 292, 7)	
375	(375, 1048, 33)	
376	(376, 1358, 5)	(376, 1403, 6)	
377	(377, 316, 17)	(377, 1913, 28)	
378	(378, 874, 30)	
379	(379, 443, 4)	
380	(380, 860, 25)	
381	(381, 333, 11)	(381, 405, 33)	
382	(382, 108, 19)	
383	(383, 1838, 0)	(383, 1003, 0)	(383, 1491, 1)	
384	(384, 392, 7)	(384, 385, 0)	(384, 10, 7)	(384, 71, 26)	
385	(385, 384, 0)	(385, 1217, 0)	(385, 1762, 18)	
386	(386, 406, 3)	(386, 443, 7)	
387	(387, 305, 7)	
388	(388, 129, 2)	(388, 1428, 5)	(388, 492, 13)	
389	(389, 296, 3)	
390	(390, 1730, 12)	(390, 476, 10)	(390, 1926, 11)	(390, 1856, 12)	
391	(391, 545, 3)	
392	(392, 0, 3)	(392, 1032, 7)	(392, 384, 7)	(392, 547, 7)	(392, 450, 11)	
393	(393, 401, 2)	(393, 1819, 4)	(393, 73, 18)	
394	(394, 478, 19)	(394, 1186, 1)	(394, 135, 4)	
395	(395, 782, 15)	
396	(396, 1164, 0)	(396, 904, 10)	(396, 1752, 14)	
397	(397, 208, 0)	(397, 1984, 5)	(397, 971, 12)	(397, 140, 14)	
398	(398, 154, 6)	(398, 1358, 3)	
399	(399, 301, 23)	(399, 1153, 1)	(399, 1275, 31)	
400	(400, 1152, 3)	(400, 1825, 7)	
401	(401, 1, 15)	(401, 393, 2)	
402	(402, 80, 0)	(402, 148, 23)	
403	(403, 337, 14)	
404	(404, 1111, 14)	(404, 249, 38)	
405	(405, 381, 33)	
406	(406, 912, 11)	(406, 386, 3)	
407	(407, 658, 13)	
408	(408, 784, 36)	
409	(409, 1365, 22)	
410	(410, 658, 9)	
411	(411, 801, 3)	(411, 954, 40)	
412	(412, 1180, 7)	(412, 601, 6)	
413	(413, 1349, 20)	
414	(414, 190, 32)	
415	(415, 918, 10)	(415, 1432, 20)	
416	(416, 36, 7)	(416, 545, 7)	(416, 672, 9)	(416, 755, 62)	
417	(417, 291, 7)	
418	(418, 936, 28)	(418, 738, 51)	(418, 1962, 75)	
419	(419, 1450, 13)	(419, 802, 8)	(419, 441, 30)	
420	(420, 240, 3)	(420, 1266, 12)	
421	(421, 231, 17)	
422	(422, 897, 26)	
423	(423, 1796, 19)	
424	(424, 1496, 7)	(424, 185, 0)	(424, 440, 2)	
425	(425, 0, 11)	(425, 503, 16)	(425, 169, 21)	
426	(426, 161, 11)	
427	(427, 1387, 16)	
428	(428, 430, 2)	(428, 150, 0)	
429	(429, 177, 0)	
430	(430, 1666, 5)	(430, 428, 2)	(430, 296, 5)	(430, 973, 68)	
431	(431, 548, 5)	
432	(432, 272, 11)	(432, 496, 8)	(432, 242, 12)	
433	(433, 1858, 28)	
434	(434, 1488, 13)	
435	(435, 321, 10)	(435, 1201, 15)	(435, 227, 23)	
436	(436, 52, 0)	(436, 660, 10)	(436, 686, 23)	
437	(437, 308, 81)	(437, 1459, 95)	
438	(438, 198, 25)	
439	(439, 909, 97)	
440	(440, 424, 2)	
441	(441, 419, 30)	
442	(442, 1206, 18)	
443	(443, 386, 7)	(443, 917, 4)	(443, 379, 4)	
444	(444, 58, 36)	
445	(445, 1429, 13)	
446	(446, 1690, 17)	
447	(447, 130, 21)	
448	(448, 932, 8)	(448, 1221, 1)	(448, 1484, 25)	
449	(449, 81, 4)	(449, 497, 2)	(449, 453, 9)	(449, 752, 11)	(449, 1987, 13)	(449, 467, 18)	
450	(450, 392, 11)	(450, 1250, 12)	(450, 466, 18)	
451	(451, 1224, 5)	(451, 2041, 63)	
452	(452, 1360, 30)	
453	(453, 449, 9)	(453, 1348, 14)	(453, 95, 30)	
454	(454, 835, 20)	
455	(455, 709, 7)	
456	(456, 344, 12)	(456, 1228, 11)	(456, 1240, 27)	
457	(457, 193, 9)	(457, 2025, 2)	(457, 509, 14)	(457, 510, 57)	
458	(458, 1458, 24)	(458, 498, 14)	(458, 1000, 24)	(458, 893, 33)	
459	(459, 66, 36)	
460	(460, 556, 5)	(460, 463, 19)	
461	(461, 149, 3)	(461, 1354, 9)	
462	(462, 1413, 16)	(462, 850, 27)	(462, 1509, 62)	
463	(463, 460, 19)	
464	(464, 1495, 1)	(464, 712, 14)	(464, 1815, 89)	
465	(465, 496, 11)	(465, 489, 24)	
466	(466, 450, 18)	(466, 1439, 23)	(466, 1782, 30)	
467	(467, 449, 18)	
468	(468, 208, 1)	
469	(469, 1888, 2)	
470	(470, 751, 10)	(470, 1237, 15)	
471	(471, 1927, 8)	
472	(472, 1506, 14)	(472, 1620, 6)	(472, 1868, 35)	
473	(473, 155, 36)	
474	(474, 476, 16)	
475	(475, 794, 19)	
476	(476, 390, 10)	(476, 474, 16)	
477	(477, 999, 31)	(477, 1886, 63)	
478	(478, 1260, 3)	(478, 394, 19)	
479	(479, 1251, 52)	
480	(480, 756, 48)	
481	(481, 1034, 0)	(481, 633, 10)	(481, 1411, 17)	
482	(482, 234, 2)	
483	(483, 310, 5)	(483, 1149, 1)	
484	(484, 32, 6)	(484, 804, 9)	(484, 164, 12)	
485	(485, 1130, 42)	
486	(486, 646, 14)	(486, 1382, 6)	
487	(487, 1062, 4)	(487, 997, 10)	
488	(488, 654, 88)	
489	(489, 465, 24)	
490	(490, 808, 18)	(490, 283, 11)	
491	(491, 1258, 9)	
492	(492, 388, 13)	(492, 236, 12)	(492, 877, 32)	
493	(493, 360, 10)	
494	(494, 178, 56)	
495	(495, 497, 34)	(495, 911, 38)	
496	(496, 432, 8)	(496, 465, 11)	(496, 67, 11)	(496, 1341, 12)	(496, 1235, 51)	
497	(497, 449, 2)	(497, 901, 12)	(497, 495, 34)	
498	(498, 458, 14)	
499	(499, 1250, 23)	
500	(500, 80, 24)	(500, 836, 23)	(500, 351, 28)	
501	(501, 1433, 2)	
502	(502, 1530, 72)	
503	(503, 425, 16)	(503, 317, 18)	
504	(504, 1232, 5)	(504, 920, 18)	(504, 616, 19)	
505	(505, 891, 12)	
506	(506, 714, 15)	
507	(507, 1419, 65)	
508	(508, 2024, 0)	(508, 1742, 1)	
509	(509, 457, 14)	
510	(510, 457, 57)	
511	(511, 1516, 7)	
512	(512, 260, 1)	(512, 896, 2)	(512, 1030, 2)	
513	(513, 528, 9)	(513, 1545, 8)	(513, 1651, 10)	(513, 776, 13)	
514	(514, 594, 6)	(514, 1264, 2)	(514, 3, 4)	(514, 690, 8)	(514, 1747, 50)	
515	(515, 10, 8)	(515, 610, 0)	
516	(516, 1796, 3)	(516, 1600, 2)	(516, 1885, 29)	
517	(517, 876, 22)	(517, 1923, 11)	
518	(518, 1574, 27)	
519	(519, 535, 6)	(519, 199, 10)	(519, 527, 25)	(519, 684, 30)	
520	(520, 776, 13)	(520, 2040, 23)	(520, 617, 26)	
521	(521, 9, 35)	(521, 1001, 13)	
522	(522, 2, 13)	(522, 988, 6)	
523	(523, 279, 8)	(523, 987, 13)	
524	(524, 130, 3)	(524, 1037, 0)	
525	(525, 556, 3)	(525, 277, 0)	
526	(526, 992, 20)	(526, 746, 23)	(526, 1546, 28)	(526, 364, 37)	
527	(527, 519, 25)	
528	(528, 648, 6)	(528, 785, 2)	(528, 808, 4)	(528, 1563, 4)	(528, 513, 9)	(528, 1302, 11)	(528, 1596, 15)	(528, 1697, 22)	
529	(529, 776, 3)	(529, 1098, 6)	
530	(530, 756, 6)	(530, 787, 0)	(530, 90, 5)	(530, 1776, 23)	
531	(531, 624, 36)	
532	(532, 630, 6)	(532, 960, 4)	(532, 1046, 14)	(532, 534, 15)	(532, 726, 27)	
533	(533, 648, 5)	
534	(534, 532, 15)	(534, 279, 1)	
535	(535, 1291, 13)	(535, 1942, 4)	(535, 519, 6)	(535, 1719, 38)	
536	(536, 648, 7)	(536, 666, 5)	(536, 586, 8)	(536, 30, 16)	(536, 1864, 19)	
537	(537, 27, 6)	(537, 1039, 28)	
538	(538, 1811, 10)	(538, 1584, 7)	(538, 1579, 28)	(538, 1082, 28)	
539	(539, 1048, 8)	(539, 1536, 6)	
540	(540, 1040, 31)	(540, 286, 38)	(540, 1950, 50)	
541	(541, 693, 44)	(541, 1679, 3)	
542	(542, 671, 11)	
543	(543, 1336, 4)	(543, 219, 1)	
544	(544, 122, 1)	(544, 1544, 1)	(544, 805, 15)	(544, 704, 19)	(544, 1634, 28)	(544, 872, 65)	
545	(545, 416, 7)	(545, 391, 3)	(545, 801, 10)	(545, 558, 31)	
546	(546, 580, 2)	(546, 1554, 9)	
547	(547, 392, 7)	(547, 1077, 0)	(547, 906, 0)	(547, 133, 21)	
548	(548, 162, 27)	(548, 431, 5)	(548, 930, 16)	
549	(549, 709, 20)	(549, 741, 13)	
550	(550, 1, 28)	(550, 1614, 19)	
551	(551, 580, 3)	(551, 230, 19)	
552	(552, 1578, 2)	
553	(553, 576, 29)	(553, 183, 34)	
554	(554, 366, 1)	
555	(555, 145, 2)	(555, 47, 18)	
556	(556, 83, 0)	(556, 525, 3)	(556, 932, 5)	(556, 460, 5)	
557	(557, 620, 12)	(557, 749, 28)	
558	(558, 545, 31)	(558, 1998, 50)	
559	(559, 1697, 12)	
560	(560, 1713, 7)	(560, 307, 0)	
561	(561, 65, 6)	(561, 1841, 3)	(561, 1981, 24)	
562	(562, 643, 26)	(562, 1911, 17)	
563	(563, 658, 14)	
564	(564, 781, 7)	
565	(565, 1029, 16)	(565, 1700, 6)	
566	(566, 822, 3)	(566, 956, 18)	
567	(567, 1055, 9)	
568	(568, 688, 20)	(568, 822, 12)	(568, 952, 18)	(568, 696, 26)	
569	(569, 1180, 24)	(569, 685, 32)	
570	(570, 740, 11)	
571	(571, 61, 16)	(571, 1812, 8)	
572	(572, 817, 2)	(572, 671, 6)	(572, 918, 17)	
573	(573, 137, 8)	(573, 123, 8)	
574	(574, 42, 5)	(574, 306, 1)	(574, 1610, 6)	
575	(575, 1587, 73)	
576	(576, 65, 14)	(576, 553, 29)	(576, 1735, 33)	
577	(577, 876, 17)	(577, 1537, 13)	
578	(578, 626, 5)	(578, 1345, 10)	
579	(579, 305, 8)	(579, 589, 1)	(579, 1863, 41)	(579, 863, 54)	
580	(580, 204, 0)	(580, 546, 2)	(580, 551, 3)	(580, 615, 4)	(580, 1510, 8)	(580, 80, 9)	
581	(581, 77, 15)	
582	(582, 1030, 10)	(582, 263, 10)	
583	(583, 1600, 19)	
584	(584, 606, 7)	(584, 745, 1)	(584, 883, 6)	(584, 964, 8)	(584, 1740, 27)	
585	(585, 611, 0)	
586	(586, 536, 8)	(586, 234, 0)	(586, 682, 14)	
587	(587, 1592, 15)	(587, 1391, 2)	(587, 1613, 28)	
588	(588, 204, 25)	
589	(589, 579, 1)	(589, 613, 20)	
590	(590, 598, 8)	(590, 206, 34)	
591	(591, 1862, 6)	
592	(592, 218, 6)	(592, 597, 13)	
593	(593, 68, 8)	(593, 621, 9)	(593, 867, 29)	
594	(594, 10, 2)	(594, 514, 6)	(594, 602, 8)	
595	(595, 1122, 4)	(595, 1874, 6)	
596	(596, 780, 11)	(596, 1100, 0)	(596, 814, 25)	
597	(597, 592, 13)	
598	(598, 3, 10)	(598, 590, 8)	(598, 1630, 33)	
599	(599, 1526, 0)	(599, 958, 0)	(599, 2043, 2)	(599, 711, 26)	
600	(600, 705, 5)	
601	(601, 412, 6)	(601, 1567, 2)	
602	(602, 594, 8)	(602, 201, 2)	(602, 626, 5)	(602, 1029, 7)	
603	(603, 699, 3)	(603, 170, 2)	
604	(604, 1668, 6)	(604, 1561, 11)	
605	(605, 725, 50)	(605, 1117, 49)	
606	(606, 844, 5)	(606, 584, 7)	(606, 733, 27)	
607	(607, 638, 25)	(607, 716, 3)	
608	(608, 737, 5)	(608, 1617, 8)	(608, 1767, 45)	
609	(609, 115, 11)	(609, 228, 11)	(609, 873, 20)	(609, 1675, 29)	
610	(610, 515, 0)	(610, 1084, 8)	(610, 1002, 15)	(610, 713, 32)	
611	(611, 1344, 13)	(611, 585, 0)	(611, 1267, 13)	(611, 832, 16)	(611, 961, 82)	
612	(612, 1536, 7)	(612, 800, 0)	(612, 868, 10)	(612, 656, 12)	(612, 869, 13)	(612, 1645, 50)	
613	(613, 589, 20)	
614	(614, 68, 34)	(614, 1702, 9)	
615	(615, 580, 4)	
616	(616, 504, 19)	
617	(617, 520, 26)	
618	(618, 58, 4)	(618, 856, 34)	
619	(619, 1841, 80)	
620	(620, 12, 19)	(620, 557, 12)	
621	(621, 593, 9)	
622	(622, 1595, 15)	
623	(623, 632, 9)	(623, 767, 44)	
624	(624, 1560, 20)	(624, 1585, 13)	(624, 531, 36)	
625	(625, 113, 10)	
626	(626, 602, 5)	(626, 578, 5)	
627	(627, 67, 36)	
628	(628, 100, 7)	
629	(629, 869, 14)	
630	(630, 1060, 15)	(630, 1878, 4)	(630, 532, 6)	
631	(631, 1555, 15)	
632	(632, 744, 3)	(632, 623, 9)	
633	(633, 481, 10)	(633, 1401, 13)	
634	(634, 168, 7)	
635	(635, 1114, 18)	(635, 190, 14)	
636	(636, 92, 43)	(636, 1661, 0)	(636, 1547, 26)	
637	(637, 1232, 0)	
638	(638, 124, 17)	(638, 1741, 14)	(638, 607, 25)	
639	(639, 868, 32)	
640	(640, 896, 10)	(640, 663, 2)	(640, 1583, 3)	(640, 902, 8)	(640, 1665, 10)	
641	(641, 193, 6)	(641, 21, 16)	(641, 1689, 61)	
642	(642, 790, 10)	(642, 1680, 26)	(642, 739, 56)	
643	(643, 267, 0)	(643, 562, 26)	
644	(644, 1666, 1)	(644, 974, 88)	
645	(645, 261, 12)	(645, 1540, 11)	
646	(646, 1031, 0)	(646, 486, 14)	(646, 1688, 27)	(646, 1191, 70)	
647	(647, 23, 15)	
648	(648, 138, 7)	(648, 533, 5)	(648, 528, 6)	(648, 536, 7)	(648, 700, 10)	(648, 184, 12)	(648, 681, 12)	
649	(649, 1664, 16)	
650	(650, 1160, 16)	(650, 707, 4)	
651	(651, 877, 0)	(651, 703, 32)	
652	(652, 136, 15)	(652, 806, 9)	
653	(653, 241, 30)	
654	(654, 38, 10)	(654, 488, 88)	
655	(655, 126, 47)	
656	(656, 612, 12)	(656, 1553, 3)	(656, 792, 15)	(656, 1265, 32)	(656, 899, 59)	
657	(657, 1664, 8)	(657, 1720, 15)	(657, 665, 18)	
658	(658, 68, 0)	(658, 410, 9)	(658, 407, 13)	(658, 563, 14)	
659	(659, 193, 11)	
660	(660, 436, 10)	(660, 1664, 2)	(660, 60, 12)	
661	(661, 8, 17)	
662	(662, 86, 0)	
663	(663, 640, 2)	
664	(664, 777, 11)	(664, 240, 11)	
665	(665, 657, 18)	
666	(666, 536, 5)	(666, 1271, 5)	
667	(667, 152, 41)	
668	(668, 78, 4)	(668, 762, 69)	
669	(669, 5, 30)	
670	(670, 138, 13)	
671	(671, 572, 6)	(671, 542, 11)	
672	(672, 416, 9)	(672, 729, 17)	(672, 1008, 30)	
673	(673, 801, 0)	
674	(674, 690, 7)	(674, 1784, 7)	(674, 1951, 13)	
675	(675, 33, 26)	(675, 937, 11)	
676	(676, 36, 6)	(676, 734, 23)	(676, 1390, 25)	
677	(677, 705, 3)	
678	(678, 182, 6)	(678, 1397, 42)	
679	(679, 1215, 21)	
680	(680, 698, 21)	(680, 1209, 0)	(680, 953, 20)	
681	(681, 648, 12)	(681, 757, 34)	
682	(682, 586, 14)	
683	(683, 743, 10)	
684	(684, 519, 30)	
685	(685, 569, 32)	
686	(686, 436, 23)	
687	(687, 1638, 12)	(687, 1188, 16)	
688	(688, 1024, 11)	(688, 568, 20)	
689	(689, 800, 28)	(689, 691, 8)	(689, 1681, 27)	
690	(690, 514, 8)	(690, 874, 4)	(690, 674, 7)	(690, 1603, 15)	
691	(691, 689, 8)	(691, 1053, 12)	
692	(692, 48, 5)	(692, 1007, 94)	
693	(693, 164, 8)	(693, 695, 23)	(693, 541, 44)	
694	(694, 1204, 40)	
695	(695, 693, 23)	
696	(696, 568, 26)	
697	(697, 138, 7)	(697, 1709, 11)	
698	(698, 32, 10)	(698, 680, 21)	(698, 1257, 24)	
699	(699, 730, 20)	(699, 603, 3)	(699, 1835, 14)	
700	(700, 648, 10)	
701	(701, 819, 14)	
702	(702, 28, 22)	(702, 905, 34)	
703	(703, 651, 32)	(703, 1023, 68)	
704	(704, 544, 19)	
705	(705, 1738, 8)	(705, 677, 3)	(705, 65, 4)	(705, 1927, 5)	(705, 600, 5)	(705, 1668, 6)	
706	(706, 1656, 12)	(706, 1091, 4)	
707	(707, 650, 4)	(707, 1733, 10)	
708	(708, 130, 30)	
709	(709, 1729, 27)	(709, 455, 7)	(709, 717, 18)	(709, 549, 20)	
710	(710, 742, 3)	(710, 743, 13)	(710, 1674, 14)	(710, 870, 31)	
711	(711, 599, 26)	(711, 1750, 95)	
712	(712, 464, 14)	(712, 222, 4)	(712, 828, 15)	
713	(713, 610, 32)	(713, 1765, 18)	
714	(714, 756, 8)	(714, 506, 15)	
715	(715, 293, 43)	
716	(716, 607, 3)	(716, 1756, 34)	
717	(717, 709, 18)	
718	(718, 1102, 38)	
719	(719, 843, 10)	
720	(720, 145, 13)	
721	(721, 245, 18)	(721, 1770, 29)	
722	(722, 730, 16)	
723	(723, 1780, 24)	(723, 1097, 47)	
724	(724, 936, 11)	(724, 758, 28)	
725	(725, 901, 24)	(725, 605, 50)	
726	(726, 532, 27)	
727	(727, 197, 11)	(727, 1943, 19)	
728	(728, 187, 7)	(728, 1731, 68)	
729	(729, 672, 17)	(729, 825, 11)	
730	(730, 194, 25)	(730, 722, 16)	(730, 699, 20)	
731	(731, 115, 11)	
732	(732, 1168, 6)	(732, 1635, 1)	(732, 141, 9)	
733	(733, 606, 27)	
734	(734, 676, 23)	
735	(735, 927, 19)	
736	(736, 928, 0)	(736, 2033, 62)	
737	(737, 196, 7)	(737, 608, 5)	
738	(738, 418, 51)	
739	(739, 642, 56)	
740	(740, 184, 30)	(740, 570, 11)	(740, 119, 28)	
741	(741, 549, 13)	
742	(742, 1768, 0)	(742, 710, 3)	
743	(743, 710, 13)	(743, 357, 2)	(743, 683, 10)	
744	(744, 128, 9)	(744, 1791, 2)	(744, 632, 3)	(744, 1135, 30)	
745	(745, 584, 1)	
746	(746, 526, 23)	
747	(747, 67, 4)	
748	(748, 294, 22)	
749	(749, 557, 28)	(749, 2031, 16)	(749, 991, 27)	(749, 1513, 77)	
750	(750, 943, 21)	(750, 1639, 5)	
751	(751, 236, 14)	(751, 470, 10)	
752	(752, 449, 11)	(752, 336, 5)	
753	(753, 1485, 32)	
754	(754, 1764, 9)	
755	(755, 416, 62)	
756	(756, 1404, 9)	(756, 530, 6)	(756, 714, 8)	(756, 1244, 23)	(756, 480, 48)	
757	(757, 681, 34)	
758	(758, 724, 28)	(758, 878, 7)	(758, 765, 18)	(758, 245, 27)	(758, 959, 58)	
759	(759, 950, 40)	
760	(760, 984, 2)	(760, 1021, 55)	
761	(761, 1305, 16)	(761, 1016, 41)	
762	(762, 668, 69)	
763	(763, 1460, 81)	
764	(764, 86, 7)	
765	(765, 758, 18)	
766	(766, 1402, 36)	
767	(767, 623, 44)	
768	(768, 896, 1)	(768, 1578, 0)	(768, 1897, 4)	(768, 1816, 17)	
769	(769, 10, 16)	(769, 789, 0)	(769, 788, 9)	
770	(770, 2, 4)	(770, 1306, 6)	
771	(771, 787, 6)	(771, 879, 5)	
772	(772, 1796, 12)	(772, 925, 1)	(772, 784, 5)	
773	(773, 165, 10)	
774	(774, 910, 8)	(774, 1416, 13)	(774, 880, 13)	(774, 1922, 21)	(774, 810, 27)	
775	(775, 257, 22)	
776	(776, 513, 13)	(776, 529, 3)	(776, 322, 7)	(776, 520, 13)	(776, 809, 14)	
777	(777, 897, 12)	(777, 846, 5)	(777, 664, 11)	(777, 835, 20)	
778	(778, 352, 3)	(778, 827, 12)	
779	(779, 267, 11)	
780	(780, 855, 4)	(780, 596, 11)	
781	(781, 1800, 24)	(781, 564, 7)	(781, 797, 11)	
782	(782, 1063, 1)	(782, 395, 15)	
783	(783, 1535, 49)	
784	(784, 772, 5)	(784, 408, 36)	
785	(785, 528, 2)	(785, 267, 5)	(785, 1301, 20)	(785, 1853, 21)	
786	(786, 273, 37)	(786, 1955, 41)	(786, 1970, 54)	
787	(787, 530, 0)	(787, 771, 6)	(787, 121, 17)	
788	(788, 769, 9)	(788, 1589, 32)	(788, 1013, 98)	
789	(789, 769, 0)	(789, 796, 5)	
790	(790, 918, 17)	(790, 900, 1)	(790, 642, 10)	(790, 1822, 12)	(790, 1823, 39)	(790, 791, 49)	
791	(791, 790, 49)	
792	(792, 656, 15)	(792, 1369, 8)	
793	(793, 194, 10)	
794	(794, 1984, 2)	(794, 347, 18)	(794, 475, 19)	(794, 1880, 29)	
795	(795, 922, 0)	
796	(796, 789, 5)	
797	(797, 781, 11)	(797, 1628, 21)	
798	(798, 276, 7)	(798, 1618, 13)	
799	(799, 1083, 31)	
800	(800, 612, 0)	(800, 689, 28)	
801	(801, 545, 10)	(801, 673, 0)	(801, 411, 3)	
802	(802, 419, 8)	(802, 946, 56)	(802, 1799, 62)	
803	(803, 265, 1)	
804	(804, 484, 9)	
805	(805, 544, 15)	(805, 1577, 2)	(805, 246, 2)	(805, 992, 4)	
806	(806, 652, 9)	
807	(807, 1058, 21)	(807, 1572, 16)	(807, 1729, 23)	
808	(808, 528, 4)	(808, 58, 2)	(808, 490, 18)	
809	(809, 776, 14)	(809, 811, 1)	(809, 274, 9)	
810	(810, 774, 27)	
811	(811, 809, 1)	(811, 1890, 42)	(811, 1901, 86)	
812	(812, 370, 21)	
813	(813, 879, 17)	(813, 924, 11)	
814	(814, 596, 25)	
815	(815, 938, 46)	
816	(816, 34, 14)	(816, 311, 40)	
817	(817, 256, 1)	(817, 572, 2)	(817, 848, 5)	(817, 24, 10)	
818	(818, 80, 52)	
819	(819, 1330, 35)	(819, 701, 14)	
820	(820, 306, 5)	
821	(821, 353, 0)	(821, 885, 35)	
822	(822, 568, 12)	(822, 566, 3)	(822, 1964, 15)	
823	(823, 852, 5)	
824	(824, 905, 11)	(824, 1627, 22)	
825	(825, 729, 11)	(825, 929, 2)	(825, 318, 10)	(825, 1085, 29)	
826	(826, 1849, 15)	
827	(827, 778, 12)	
828	(828, 712, 15)	(828, 1712, 0)	
829	(829, 1949, 6)	
830	(830, 1070, 64)	
831	(831, 87, 5)	
832	(832, 611, 16)	(832, 995, 15)	(832, 887, 48)	(832, 1764, 54)	(832, 919, 55)	
833	(833, 1283, 7)	
834	(834, 1600, 14)	(834, 851, 7)	
835	(835, 777, 20)	(835, 454, 20)	
836	(836, 500, 23)	(836, 1924, 20)	
837	(837, 325, 20)	
838	(838, 1565, 23)	
839	(839, 1829, 5)	(839, 935, 8)	(839, 858, 11)	
840	(840, 1984, 13)	
841	(841, 842, 3)	
842	(842, 1842, 5)	(842, 841, 3)	(842, 1871, 17)	
843	(843, 326, 53)	(843, 719, 10)	
844	(844, 1897, 3)	(844, 606, 5)	
845	(845, 1090, 23)	
846	(846, 777, 5)	
847	(847, 1353, 43)	
848	(848, 817, 5)	(848, 1986, 21)	
849	(849, 1345, 9)	(849, 853, 8)	
850	(850, 462, 27)	
851	(851, 834, 7)	
852	(852, 306, 5)	(852, 1094, 3)	(852, 823, 5)	
853	(853, 849, 8)	(853, 855, 9)	
854	(854, 340, 9)	
855	(855, 853, 9)	(855, 780, 4)	
856	(856, 618, 34)	
857	(857, 344, 51)	
858	(858, 839, 11)	
859	(859, 984, 22)	
860	(860, 862, 10)	(860, 380, 25)	
861	(861, 77, 14)	
862	(862, 988, 0)	(862, 860, 10)	
863	(863, 579, 54)	
864	(864, 354, 6)	(864, 1384, 8)	(864, 1772, 15)	
865	(865, 929, 6)	(865, 1441, 14)	
866	(866, 64, 7)	(866, 72, 6)	(866, 1129, 10)	
867	(867, 593, 29)	
868	(868, 612, 10)	(868, 639, 32)	
869	(869, 612, 13)	(869, 629, 14)	
870	(870, 710, 31)	
871	(871, 917, 31)	(871, 994, 26)	
872	(872, 544, 65)	
873	(873, 609, 20)	
874	(874, 690, 4)	(874, 378, 30)	
875	(875, 258, 45)	
876	(876, 2012, 9)	(876, 577, 17)	(876, 517, 22)	
877	(877, 492, 32)	(877, 651, 0)	
878	(878, 758, 7)	
879	(879, 771, 5)	(879, 813, 17)	
880	(880, 774, 13)	(880, 1876, 9)	
881	(881, 1360, 4)	
882	(882, 335, 57)	
883	(883, 584, 6)	
884	(884, 895, 24)	
885	(885, 821, 35)	
886	(886, 1404, 28)	
887	(887, 832, 48)	
888	(888, 1816, 0)	
889	(889, 313, 10)	
890	(890, 32, 14)	(890, 895, 0)	
891	(891, 90, 89)	(891, 505, 12)	
892	(892, 894, 40)	
893	(893, 458, 33)	
894	(894, 1014, 29)	(894, 892, 40)	
895	(895, 890, 0)	(895, 884, 24)	
896	(896, 512, 2)	(896, 1683, 1)	(896, 768, 1)	(896, 262, 4)	(896, 640, 10)	(896, 314, 29)	
897	(897, 1152, 10)	(897, 969, 0)	(897, 777, 12)	(897, 422, 26)	(897, 2005, 81)	
898	(898, 904, 32)	(898, 962, 5)	(898, 914, 22)	(898, 1422, 37)	
899	(899, 656, 59)	
900	(900, 790, 1)	
901	(901, 497, 12)	(901, 261, 14)	(901, 1990, 23)	(901, 725, 24)	
902	(902, 640, 8)	
903	(903, 1219, 1)	
904	(904, 396, 10)	(904, 965, 2)	(904, 1018, 16)	(904, 898, 32)	
905	(905, 702, 34)	(905, 824, 11)	
906	(906, 547, 0)	
907	(907, 1613, 33)	(907, 1959, 1)	(907, 947, 44)	
908	(908, 964, 40)	(908, 365, 65)	
909	(909, 261, 7)	(909, 966, 3)	(909, 287, 8)	(909, 439, 97)	
910	(910, 1757, 11)	(910, 774, 8)	
911	(911, 495, 38)	
912	(912, 978, 2)	(912, 406, 11)	
913	(913, 1051, 11)	
914	(914, 898, 22)	
915	(915, 208, 4)	
916	(916, 1932, 3)	(916, 1292, 10)	
917	(917, 443, 4)	(917, 871, 31)	
918	(918, 572, 17)	(918, 415, 10)	(918, 790, 17)	(918, 950, 31)	(918, 1974, 96)	
919	(919, 832, 55)	
920	(920, 504, 18)	
921	(921, 977, 17)	
922	(922, 1809, 32)	(922, 795, 0)	
923	(923, 1819, 35)	
924	(924, 813, 11)	
925	(925, 772, 1)	
926	(926, 1434, 15)	
927	(927, 1944, 25)	(927, 735, 19)	
928	(928, 1682, 4)	(928, 736, 0)	
929	(929, 825, 2)	(929, 865, 6)	
930	(930, 548, 16)	(930, 1363, 20)	(930, 1449, 25)	
931	(931, 1536, 28)	(931, 1435, 23)	(931, 1442, 36)	
932	(932, 556, 5)	(932, 984, 6)	(932, 448, 8)	
933	(933, 1921, 25)	
934	(934, 184, 9)	
935	(935, 839, 8)	
936	(936, 2020, 12)	(936, 999, 5)	(936, 724, 11)	(936, 940, 17)	(936, 418, 28)	
937	(937, 675, 11)	(937, 1969, 30)	
938	(938, 998, 32)	(938, 191, 15)	(938, 815, 46)	
939	(939, 298, 14)	(939, 2035, 6)	(939, 361, 12)	
940	(940, 936, 17)	(940, 1725, 29)	
941	(941, 950, 26)	
942	(942, 970, 17)	(942, 1948, 16)	(942, 1423, 30)	
943	(943, 1699, 36)	(943, 750, 21)	
944	(944, 96, 23)	
945	(945, 256, 8)	(945, 1928, 37)	
946	(946, 802, 56)	(946, 1534, 19)	
947	(947, 907, 44)	
948	(948, 204, 34)	
949	(949, 1, 1)	
950	(950, 918, 31)	(950, 941, 26)	(950, 759, 40)	(950, 989, 57)	
951	(951, 1975, 15)	
952	(952, 568, 18)	(952, 1010, 22)	
953	(953, 680, 20)	
954	(954, 411, 40)	
955	(955, 1022, 75)	
956	(956, 566, 18)	(956, 1379, 17)	
957	(957, 29, 34)	(957, 1693, 19)	
958	(958, 599, 0)	(958, 1949, 0)	
959	(959, 758, 58)	
960	(960, 532, 4)	
961	(961, 611, 82)	
962	(962, 898, 5)	
963	(963, 1511, 64)	
964	(964, 584, 8)	(964, 908, 40)	
965	(965, 904, 2)	
966	(966, 909, 3)	
967	(967, 130, 39)	
968	(968, 1320, 24)	
969	(969, 897, 0)	
970	(970, 330, 22)	(970, 942, 17)	
971	(971, 397, 12)	
972	(972, 224, 12)	(972, 1560, 3)	(972, 1956, 17)	
973	(973, 430, 68)	
974	(974, 644, 88)	
975	(975, 1503, 60)	
976	(976, 1240, 14)	
977	(977, 1784, 25)	(977, 1478, 8)	(977, 921, 17)	
978	(978, 336, 1)	(978, 912, 2)	
979	(979, 997, 9)	
980	(980, 1979, 0)	(980, 1469, 0)	(980, 1247, 1)	(980, 2026, 26)	
981	(981, 333, 2)	
982	(982, 2015, 76)	
983	(983, 1911, 19)	
984	(984, 932, 6)	(984, 1836, 1)	(984, 760, 2)	(984, 859, 22)	(984, 205, 26)	
985	(985, 258, 5)	(985, 1496, 1)	
986	(986, 1262, 9)	
987	(987, 523, 13)	
988	(988, 522, 6)	(988, 862, 0)	
989	(989, 950, 57)	
990	(990, 2025, 14)	
991	(991, 749, 27)	
992	(992, 805, 4)	(992, 526, 20)	
993	(993, 353, 18)	
994	(994, 871, 26)	
995	(995, 832, 15)	
996	(996, 1796, 14)	(996, 1992, 5)	
997	(997, 487, 10)	(997, 979, 9)	(997, 1993, 18)	
998	(998, 2026, 24)	(998, 938, 32)	
999	(999, 936, 5)	(999, 477, 31)	
1000	(1000, 458, 24)	(1000, 1515, 20)	(1000, 362, 35)	
1001	(1001, 521, 13)	
1002	(1002, 610, 15)	
1003	(1003, 383, 0)	(1003, 1787, 0)	(1003, 1909, 0)	(1003, 1070, 3)	
1004	(1004, 330, 9)	
1005	(1005, 1583, 93)	
1006	(1006, 2022, 3)	
1007	(1007, 692, 94)	
1008	(1008, 672, 30)	
1009	(1009, 1762, 35)	
1010	(1010, 952, 22)	(1010, 1760, 23)	
1011	(1011, 1407, 2)	(1011, 1977, 12)	(1011, 1656, 15)	
1012	(1012, 1621, 86)	
1013	(1013, 788, 98)	
1014	(1014, 1878, 45)	(1014, 894, 29)	
1015	(1015, 315, 34)	
1016	(1016, 761, 41)	(1016, 1820, 49)	
1017	(1017, 1468, 86)	
1018	(1018, 904, 16)	(1018, 1936, 12)	(1018, 251, 14)	(1018, 1462, 34)	(1018, 1176, 42)	
1019	(1019, 1711, 77)	(1019, 1531, 63)	
1020	(1020, 277, 24)	
1021	(1021, 760, 55)	
1022	(1022, 1382, 97)	(1022, 955, 75)	(1022, 2023, 86)	
1023	(1023, 703, 68)	
1024	(1024, 1536, 6)	(1024, 1130, 1)	(1024, 15, 2)	(1024, 1352, 9)	(1024, 688, 11)	(1024, 1451, 22)	(1024, 1072, 24)	(1024, 1801, 28)	(1024, 88, 41)	
1025	(1025, 1330, 3)	(1025, 5, 5)	(1025, 1057, 12)	(1025, 1177, 17)	(1025, 1427, 38)	
1026	(1026, 1036, 11)	(1026, 1738, 10)	(1026, 1305, 12)	(1026, 1638, 21)	(1026, 1479, 49)	
1027	(1027, 251, 21)	(1027, 1218, 17)	
1028	(1028, 1980, 17)	(1028, 101, 2)	(1028, 1131, 6)	(1028, 1732, 18)	(1028, 1624, 25)	
1029	(1029, 602, 7)	(1029, 57, 4)	(1029, 565, 16)	
1030	(1030, 512, 2)	(1030, 1042, 6)	(1030, 1036, 6)	(1030, 582, 10)	(1030, 270, 17)	
1031	(1031, 1337, 12)	(1031, 646, 0)	(1031, 1035, 6)	(1031, 1284, 11)	
1032	(1032, 392, 7)	(1032, 1159, 1)	(1032, 1408, 2)	(1032, 334, 2)	(1032, 298, 6)	(1032, 1155, 7)	(1032, 1161, 10)	
1033	(1033, 139, 10)	(1033, 1961, 17)	(1033, 1673, 19)	(1033, 1743, 71)	
1034	(1034, 1178, 5)	(1034, 481, 0)	(1034, 1066, 8)	(1034, 17, 9)	(1034, 1112, 11)	(1034, 139, 17)	(1034, 1566, 25)	(1034, 1166, 42)	
1035	(1035, 1031, 6)	(1035, 14, 10)	(1035, 1127, 41)	
1036	(1036, 1030, 6)	(1036, 288, 4)	(1036, 1026, 11)	
1037	(1037, 524, 0)	(1037, 1481, 1)	(1037, 1, 2)	(1037, 1840, 19)	(1037, 1789, 67)	
1038	(1038, 1283, 12)	(1038, 1670, 12)	
1039	(1039, 537, 28)	(1039, 1229, 9)	
1040	(1040, 2, 9)	(1040, 1322, 22)	(1040, 1562, 24)	(1040, 540, 31)	
1041	(1041, 1089, 2)	(1041, 1119, 17)	
1042	(1042, 1030, 6)	(1042, 66, 7)	
1043	(1043, 2, 5)	
1044	(1044, 272, 11)	(1044, 1549, 1)	(1044, 1239, 34)	
1045	(1045, 1106, 11)	(1045, 1187, 5)	(1045, 1173, 8)	(1045, 149, 8)	
1046	(1046, 532, 14)	(1046, 1365, 17)	
1047	(1047, 1077, 4)	(1047, 1079, 17)	(1047, 1141, 74)	
1048	(1048, 1738, 8)	(1048, 539, 8)	(1048, 1676, 25)	(1048, 375, 33)	
1049	(1049, 296, 10)	
1050	(1050, 17, 2)	(1050, 50, 2)	
1051	(1051, 25, 10)	(1051, 34, 5)	(1051, 913, 11)	
1052	(1052, 146, 14)	
1053	(1053, 691, 12)	(1053, 1503, 8)	(1053, 1430, 27)	
1054	(1054, 274, 12)	
1055	(1055, 1165, 12)	(1055, 567, 9)	(1055, 350, 35)	
1056	(1056, 112, 8)	(1056, 1380, 5)	(1056, 290, 6)	(1056, 260, 8)	(1056, 235, 43)	
1057	(1057, 1025, 12)	(1057, 1389, 4)	(1057, 1113, 8)	
1058	(1058, 1551, 6)	(1058, 1200, 7)	(1058, 807, 21)	
1059	(1059, 12, 7)	(1059, 1410, 12)	(1059, 355, 19)	(1059, 233, 40)	
1060	(1060, 5, 11)	(1060, 630, 15)	
1061	(1061, 5, 5)	
1062	(1062, 1070, 11)	(1062, 223, 3)	(1062, 487, 4)	(1062, 1908, 23)	(1062, 1535, 65)	
1063	(1063, 277, 11)	(1063, 782, 1)	(1063, 174, 33)	
1064	(1064, 138, 6)	(1064, 1594, 4)	(1064, 1612, 5)	(1064, 45, 9)	(1064, 1261, 19)	
1065	(1065, 47, 45)	
1066	(1066, 1034, 8)	(1066, 1078, 5)	(1066, 1194, 68)	
1067	(1067, 1569, 24)	
1068	(1068, 8, 5)	(1068, 1980, 16)	
1069	(1069, 1070, 4)	
1070	(1070, 1003, 3)	(1070, 1069, 4)	(1070, 238, 9)	(1070, 1692, 10)	(1070, 1062, 11)	(1070, 1231, 24)	(1070, 830, 64)	
1071	(1071, 1583, 20)	(1071, 1195, 3)	(1071, 1576, 28)	
1072	(1072, 1024, 24)	(1072, 1080, 18)	
1073	(1073, 1106, 5)	
1074	(1074, 176, 12)	
1075	(1075, 1683, 10)	
1076	(1076, 309, 3)	(1076, 1714, 0)	(1076, 177, 14)	(1076, 1902, 21)	
1077	(1077, 547, 0)	(1077, 1047, 4)	(1077, 1106, 9)	(1077, 1483, 31)	
1078	(1078, 1066, 5)	(1078, 1268, 19)	
1079	(1079, 1047, 17)	(1079, 1431, 10)	(1079, 1138, 13)	
1080	(1080, 1072, 18)	(1080, 1259, 25)	
1081	(1081, 1174, 2)	
1082	(1082, 538, 28)	(1082, 1658, 33)	
1083	(1083, 1721, 5)	(1083, 799, 31)	
1084	(1084, 610, 8)	(1084, 1121, 8)	(1084, 20, 8)	
1085	(1085, 825, 29)	
1086	(1086, 1108, 29)	
1087	(1087, 1783, 5)	(1087, 211, 0)	
1088	(1088, 1345, 4)	(1088, 1736, 0)	(1088, 359, 1)	
1089	(1089, 141, 1)	(1089, 1041, 2)	(1089, 163, 7)	(1089, 1356, 15)	
1090	(1090, 352, 13)	(1090, 845, 23)	
1091	(1091, 706, 4)	
1092	(1092, 1094, 4)	(1092, 1189, 7)	
1093	(1093, 1096, 1)	(1093, 1615, 8)	
1094	(1094, 852, 3)	(1094, 1092, 4)	
1095	(1095, 261, 11)	(1095, 1254, 8)	
1096	(1096, 1220, 0)	(1096, 1093, 1)	(1096, 1313, 13)	(1096, 1523, 21)	
1097	(1097, 723, 47)	
1098	(1098, 529, 6)	(1098, 1830, 1)	(1098, 1290, 23)	
1099	(1099, 267, 0)	(1099, 1851, 22)	
1100	(1100, 596, 0)	(1100, 1103, 31)	
1101	(1101, 1757, 3)	
1102	(1102, 158, 62)	(1102, 718, 38)	
1103	(1103, 1100, 31)	
1104	(1104, 1552, 1)	(1104, 48, 0)	(1104, 1493, 33)	
1105	(1105, 64, 0)	
1106	(1106, 1077, 9)	(1106, 1332, 1)	(1106, 1456, 1)	(1106, 1073, 5)	(1106, 1045, 11)	(1106, 210, 14)	(1106, 1418, 18)	
1107	(1107, 1187, 7)	(1107, 1123, 6)	
1108	(1108, 1527, 4)	(1108, 1488, 3)	(1108, 1086, 29)	(1108, 1373, 69)	
1109	(1109, 1369, 14)	(1109, 1364, 17)	
1110	(1110, 1170, 8)	
1111	(1111, 1118, 10)	(1111, 404, 14)	
1112	(1112, 1034, 11)	(1112, 92, 3)	(1112, 156, 10)	(1112, 1242, 42)	
1113	(1113, 1057, 8)	
1114	(1114, 1128, 6)	(1114, 635, 18)	(1114, 1887, 69)	
1115	(1115, 1873, 75)	
1116	(1116, 1172, 13)	(1116, 1565, 35)	
1117	(1117, 605, 49)	
1118	(1118, 92, 5)	(1118, 1111, 10)	
1119	(1119, 1041, 17)	
1120	(1120, 1121, 6)	
1121	(1121, 1084, 8)	(1121, 1581, 0)	(1121, 51, 0)	(1121, 1120, 6)	
1122	(1122, 1126, 2)	(1122, 595, 4)	(1122, 1142, 7)	(1122, 1386, 9)	
1123	(1123, 1107, 6)	
1124	(1124, 1148, 1)	(1124, 244, 0)	(1124, 1277, 42)	
1125	(1125, 123, 10)	(1125, 29, 2)	
1126	(1126, 352, 3)	(1126, 1122, 2)	(1126, 1573, 11)	
1127	(1127, 1035, 41)	
1128	(1128, 208, 3)	(1128, 1114, 6)	
1129	(1129, 866, 10)	(1129, 1593, 10)	(1129, 1253, 10)	
1130	(1130, 1024, 1)	(1130, 485, 42)	
1131	(1131, 1028, 6)	
1132	(1132, 60, 6)	
1133	(1133, 1505, 10)	(1133, 1529, 20)	
1134	(1134, 12, 8)	(1134, 1642, 34)	
1135	(1135, 744, 30)	(1135, 1580, 50)	
1136	(1136, 371, 0)	(1136, 1392, 3)	
1137	(1137, 58, 12)	
1138	(1138, 1079, 13)	(1138, 1140, 27)	(1138, 179, 61)	
1139	(1139, 1571, 12)	
1140	(1140, 1138, 27)	
1141	(1141, 1047, 74)	
1142	(1142, 1122, 7)	(1142, 1883, 41)	
1143	(1143, 113, 20)	
1144	(1144, 24, 26)	(1144, 1499, 68)	
1145	(1145, 0, 24)	
1146	(1146, 1779, 34)	(1146, 118, 14)	
1147	(1147, 307, 69)	
1148	(1148, 125, 15)	(1148, 1124, 1)	
1149	(1149, 483, 1)	(1149, 1325, 8)	(1149, 1501, 60)	
1150	(1150, 94, 15)	(1150, 1597, 31)	
1151	(1151, 101, 67)	
1152	(1152, 257, 0)	(1152, 1312, 0)	(1152, 400, 3)	(1152, 1944, 6)	(1152, 1925, 8)	(1152, 897, 10)	(1152, 1528, 22)	(1152, 1865, 26)	
1153	(1153, 399, 1)	(1153, 1185, 6)	(1153, 1227, 48)	
1154	(1154, 1286, 3)	(1154, 1346, 1)	(1154, 1412, 21)	
1155	(1155, 1032, 7)	(1155, 1168, 2)	
1156	(1156, 194, 3)	(1156, 1180, 1)	(1156, 1605, 11)	
1157	(1157, 1411, 4)	
1158	(1158, 1666, 21)	(1158, 1167, 7)	(1158, 1861, 17)	
1159	(1159, 1032, 1)	
1160	(1160, 1280, 12)	(1160, 1208, 2)	(1160, 1571, 11)	(1160, 650, 16)	
1161	(1161, 1032, 10)	(1161, 1323, 4)	(1161, 75, 7)	
1162	(1162, 6, 5)	(1162, 1626, 19)	
1163	(1163, 81, 11)	(1163, 280, 14)	
1164	(1164, 164, 3)	(1164, 396, 0)	
1165	(1165, 1744, 1)	(1165, 1055, 12)	
1166	(1166, 1034, 42)	(1166, 1707, 37)	
1167	(1167, 1158, 7)	(1167, 1511, 82)	
1168	(1168, 1155, 2)	(1168, 145, 1)	(1168, 1184, 2)	(1168, 1170, 6)	(1168, 732, 6)	(1168, 1494, 8)	(1168, 1552, 8)	(1168, 1450, 14)	(1168, 1461, 28)	
1169	(1169, 164, 9)	(1169, 1623, 26)	
1170	(1170, 1168, 6)	(1170, 1110, 8)	
1171	(1171, 131, 2)	(1171, 1763, 77)	
1172	(1172, 1470, 6)	(1172, 1116, 13)	(1172, 2003, 53)	
1173	(1173, 1045, 8)	
1174	(1174, 130, 25)	(1174, 1081, 2)	
1175	(1175, 1625, 21)	(1175, 1222, 14)	
1176	(1176, 1018, 42)	
1177	(1177, 1025, 17)	(1177, 1424, 0)	(1177, 77, 8)	
1178	(1178, 203, 2)	(1178, 1805, 2)	(1178, 1034, 5)	(1178, 1737, 16)	(1178, 1434, 17)	
1179	(1179, 49, 11)	(1179, 143, 13)	
1180	(1180, 1156, 1)	(1180, 1436, 0)	(1180, 412, 7)	(1180, 1794, 13)	(1180, 569, 24)	
1181	(1181, 245, 18)	
1182	(1182, 1236, 0)	
1183	(1183, 1925, 45)	
1184	(1184, 1168, 2)	(1184, 1192, 6)	(1184, 2018, 45)	
1185	(1185, 1153, 6)	
1186	(1186, 394, 1)	(1186, 1190, 11)	
1187	(1187, 1045, 5)	(1187, 55, 0)	(1187, 1107, 7)	
1188	(1188, 687, 16)	
1189	(1189, 1092, 7)	(1189, 1541, 2)	
1190	(1190, 1186, 11)	
1191	(1191, 646, 70)	
1192	(1192, 1184, 6)	(1192, 250, 28)	
1193	(1193, 1195, 17)	(1193, 1205, 17)	
1194	(1194, 1066, 68)	
1195	(1195, 1071, 3)	(1195, 1193, 17)	
1196	(1196, 1254, 27)	
1197	(1197, 204, 49)	
1198	(1198, 1582, 7)	
1199	(1199, 1512, 62)	
1200	(1200, 1058, 7)	
1201	(1201, 435, 15)	
1202	(1202, 1954, 47)	
1203	(1203, 343, 14)	
1204	(1204, 1456, 3)	(1204, 1777, 1)	(1204, 1508, 28)	(1204, 694, 40)	
1205	(1205, 1193, 17)	
1206	(1206, 86, 13)	(1206, 1210, 0)	(1206, 442, 18)	
1207	(1207, 337, 18)	
1208	(1208, 1160, 2)	
1209	(1209, 680, 0)	
1210	(1210, 1206, 0)	
1211	(1211, 143, 94)	
1212	(1212, 186, 3)	(1212, 1349, 3)	
1213	(1213, 36, 7)	
1214	(1214, 1430, 12)	
1215	(1215, 1312, 23)	(1215, 679, 21)	
1216	(1216, 1600, 7)	(1216, 1236, 9)	
1217	(1217, 385, 0)	(1217, 1413, 10)	(1217, 1249, 20)	(1217, 1226, 40)	
1218	(1218, 1027, 17)	(1218, 1766, 25)	
1219	(1219, 199, 16)	(1219, 903, 1)	(1219, 1329, 2)	
1220	(1220, 129, 5)	(1220, 1096, 0)	(1220, 1548, 2)	(1220, 1872, 20)	(1220, 1518, 38)	
1221	(1221, 448, 1)	
1222	(1222, 1175, 14)	(1222, 1223, 10)	
1223	(1223, 1222, 10)	
1224	(1224, 1225, 8)	(1224, 451, 5)	(1224, 1256, 11)	
1225	(1225, 296, 9)	(1225, 1224, 8)	
1226	(1226, 1217, 40)	
1227	(1227, 1153, 48)	
1228	(1228, 456, 11)	
1229	(1229, 1039, 9)	
1230	(1230, 1783, 0)	(1230, 1551, 16)	
1231	(1231, 1070, 24)	
1232	(1232, 1236, 6)	(1232, 637, 0)	(1232, 504, 5)	
1233	(1233, 1424, 1)	(1233, 1619, 32)	
1234	(1234, 1552, 2)	
1235	(1235, 496, 51)	(1235, 1243, 57)	
1236	(1236, 1216, 9)	(1236, 1182, 0)	(1236, 1521, 1)	(1236, 1232, 6)	
1237	(1237, 470, 15)	
1238	(1238, 1490, 13)	(1238, 134, 11)	
1239	(1239, 1044, 34)	
1240	(1240, 456, 27)	(1240, 976, 14)	(1240, 304, 26)	
1241	(1241, 1651, 22)	
1242	(1242, 1112, 42)	(1242, 1790, 56)	
1243	(1243, 1235, 57)	
1244	(1244, 756, 23)	
1245	(1245, 1681, 15)	
1246	(1246, 1433, 6)	(1246, 1374, 6)	(1246, 1260, 14)	
1247	(1247, 980, 1)	(1247, 1773, 1)	
1248	(1248, 189, 1)	(1248, 161, 6)	
1249	(1249, 1217, 20)	
1250	(1250, 450, 12)	(1250, 499, 23)	(1250, 1274, 26)	
1251	(1251, 1675, 60)	(1251, 479, 52)	
1252	(1252, 225, 13)	
1253	(1253, 1129, 10)	(1253, 195, 11)	(1253, 37, 16)	
1254	(1254, 1095, 8)	(1254, 1196, 27)	
1255	(1255, 203, 17)	
1256	(1256, 1224, 11)	
1257	(1257, 698, 24)	(1257, 2027, 22)	
1258	(1258, 216, 12)	(1258, 491, 9)	
1259	(1259, 1080, 25)	
1260	(1260, 1246, 14)	(1260, 478, 3)	
1261	(1261, 1064, 19)	
1262	(1262, 268, 40)	(1262, 986, 9)	
1263	(1263, 101, 20)	
1264	(1264, 514, 2)	
1265	(1265, 656, 32)	
1266	(1266, 420, 12)	
1267	(1267, 611, 13)	(1267, 1273, 52)	
1268	(1268, 1078, 19)	(1268, 1476, 0)	(1268, 2030, 22)	
1269	(1269, 1635, 30)	
1270	(1270, 171, 56)	
1271	(1271, 666, 5)	(1271, 1979, 0)	(1271, 1899, 0)	
1272	(1272, 1712, 12)	
1273	(1273, 1267, 52)	
1274	(1274, 1250, 26)	
1275	(1275, 399, 31)	
1276	(1276, 1468, 82)	
1277	(1277, 1124, 42)	
1278	(1278, 122, 5)	
1279	(1279, 301, 53)	
1280	(1280, 1314, 6)	(1280, 1810, 3)	(1280, 1371, 9)	(1280, 1281, 10)	(1280, 1160, 12)	
1281	(1281, 1280, 10)	(1281, 1539, 2)	(1281, 265, 23)	
1282	(1282, 266, 4)	(1282, 1446, 18)	
1283	(1283, 1353, 5)	(1283, 1506, 7)	(1283, 833, 7)	(1283, 1038, 12)	
1284	(1284, 1031, 11)	(1284, 1677, 4)	(1284, 1870, 19)	
1285	(1285, 129, 16)	(1285, 1295, 6)	(1285, 1859, 21)	
1286	(1286, 268, 5)	(1286, 1997, 2)	(1286, 1154, 3)	
1287	(1287, 280, 9)	
1288	(1288, 1604, 8)	(1288, 1643, 32)	
1289	(1289, 328, 5)	(1289, 1402, 11)	
1290	(1290, 1098, 23)	
1291	(1291, 194, 10)	(1291, 1821, 10)	(1291, 535, 13)	
1292	(1292, 916, 10)	(1292, 1814, 18)	(1292, 373, 40)	(1292, 1293, 52)	
1293	(1293, 1292, 52)	(1293, 1420, 11)	(1293, 1532, 48)	
1294	(1294, 1646, 7)	(1294, 331, 16)	
1295	(1295, 1285, 6)	(1295, 1438, 29)	
1296	(1296, 272, 9)	(1296, 1808, 9)	
1297	(1297, 272, 2)	(1297, 1652, 51)	
1298	(1298, 1856, 1)	
1299	(1299, 33, 0)	(1299, 1919, 9)	
1300	(1300, 282, 14)	
1301	(1301, 785, 20)	
1302	(1302, 528, 11)	
1303	(1303, 1334, 60)	
1304	(1304, 300, 5)	(1304, 1324, 16)	(1304, 1448, 19)	
1305	(1305, 1026, 12)	(1305, 308, 10)	(1305, 761, 16)	
1306	(1306, 770, 6)	(1306, 348, 6)	
1307	(1307, 282, 15)	
1308	(1308, 1796, 32)	
1309	(1309, 27, 11)	(1309, 1813, 5)	
1310	(1310, 1819, 24)	
1311	(1311, 1564, 52)	
1312	(1312, 1152, 0)	(1312, 104, 5)	(1312, 1319, 6)	(1312, 1215, 23)	
1313	(1313, 1096, 13)	(1313, 1826, 1)	(1313, 1699, 22)	
1314	(1314, 266, 4)	(1314, 1280, 6)	(1314, 1326, 13)	(1314, 1400, 37)	
1315	(1315, 107, 27)	
1316	(1316, 2047, 5)	(1316, 1317, 5)	(1316, 1569, 10)	(1316, 1328, 12)	
1317	(1317, 1316, 5)	
1318	(1318, 33, 5)	(1318, 1568, 5)	
1319	(1319, 1312, 6)	(1319, 1849, 11)	(1319, 2007, 12)	
1320	(1320, 1439, 17)	(1320, 1852, 14)	(1320, 968, 24)	(1320, 360, 24)	
1321	(1321, 1803, 20)	(1321, 1465, 7)	
1322	(1322, 1040, 22)	(1322, 1470, 22)	
1323	(1323, 1161, 4)	(1323, 1843, 39)	
1324	(1324, 1304, 16)	
1325	(1325, 1149, 8)	(1325, 1453, 16)	(1325, 1419, 54)	
1326	(1326, 1314, 13)	
1327	(1327, 1521, 3)	
1328	(1328, 1316, 12)	
1329	(1329, 1219, 2)	(1329, 1953, 45)	
1330	(1330, 1025, 3)	(1330, 370, 1)	(1330, 1387, 7)	(1330, 819, 35)	
1331	(1331, 1707, 41)	(1331, 1467, 1)	
1332	(1332, 1106, 1)	(1332, 2020, 7)	
1333	(1333, 1713, 22)	
1334	(1334, 318, 68)	(1334, 1303, 60)	
1335	(1335, 288, 17)	(1335, 9, 2)	
1336	(1336, 96, 12)	(1336, 543, 4)	(1336, 1828, 10)	
1337	(1337, 1717, 4)	(1337, 1468, 1)	(1337, 1031, 12)	
1338	(1338, 1379, 25)	
1339	(1339, 1425, 7)	
1340	(1340, 1413, 32)	
1341	(1341, 496, 12)	(1341, 1471, 23)	
1342	(1342, 291, 27)	
1343	(1343, 160, 19)	
1344	(1344, 1345, 4)	(1344, 1362, 1)	(1344, 611, 13)	(1344, 1860, 49)	
1345	(1345, 578, 10)	(1345, 1344, 4)	(1345, 1088, 4)	(1345, 849, 9)	
1346	(1346, 1154, 1)	
1347	(1347, 163, 7)	
1348	(1348, 453, 14)	(1348, 1994, 6)	(1348, 1846, 18)	(1348, 220, 19)	
1349	(1349, 1212, 3)	(1349, 1367, 11)	(1349, 413, 20)	(1349, 2021, 36)	
1350	(1350, 1386, 54)	
1351	(1351, 118, 0)	
1352	(1352, 1024, 9)	
1353	(1353, 269, 2)	(1353, 1283, 5)	(1353, 847, 43)	
1354	(1354, 461, 9)	(1354, 1359, 20)	
1355	(1355, 1408, 49)	
1356	(1356, 1089, 15)	
1357	(1357, 1825, 4)	(1357, 1666, 3)	
1358	(1358, 398, 3)	(1358, 376, 5)	
1359	(1359, 1354, 20)	
1360	(1360, 338, 6)	(1360, 881, 4)	(1360, 1824, 17)	(1360, 452, 30)	
1361	(1361, 1808, 26)	(1361, 1385, 33)	
1362	(1362, 1344, 1)	
1363	(1363, 930, 20)	
1364	(1364, 1109, 17)	
1365	(1365, 1046, 17)	(1365, 409, 22)	
1366	(1366, 338, 17)	(1366, 1975, 30)	
1367	(1367, 1349, 11)	
1368	(1368, 1688, 31)	
1369	(1369, 792, 8)	(1369, 1109, 14)	
1370	(1370, 324, 9)	(1370, 1817, 15)	
1371	(1371, 1280, 9)	
1372	(1372, 1748, 4)	
1373	(1373, 1108, 69)	(1373, 1621, 4)	
1374	(1374, 1246, 6)	
1375	(1375, 1526, 0)	(1375, 2038, 0)	(1375, 1829, 9)	(1375, 1771, 18)	
1376	(1376, 1384, 1)	(1376, 358, 0)	(1376, 258, 8)	
1377	(1377, 113, 14)	
1378	(1378, 1484, 5)	
1379	(1379, 956, 17)	(1379, 1338, 25)	
1380	(1380, 1056, 5)	
1381	(1381, 80, 18)	(1381, 1525, 33)	
1382	(1382, 486, 6)	(1382, 1022, 97)	
1383	(1383, 1892, 1)	
1384	(1384, 864, 8)	(1384, 1376, 1)	(1384, 1500, 19)	
1385	(1385, 1361, 33)	
1386	(1386, 1122, 9)	(1386, 1898, 27)	(1386, 1350, 54)	
1387	(1387, 1330, 7)	(1387, 1530, 3)	(1387, 333, 7)	(1387, 427, 16)	
1388	(1388, 330, 87)	
1389	(1389, 1057, 4)	
1390	(1390, 676, 25)	
1391	(1391, 587, 2)	(1391, 125, 14)	
1392	(1392, 1136, 3)	
1393	(1393, 1777, 10)	
1394	(1394, 1969, 2)	(1394, 1906, 35)	
1395	(1395, 1826, 39)	
1396	(1396, 1, 3)	
1397	(1397, 678, 42)	
1398	(1398, 114, 53)	
1399	(1399, 242, 50)	
1400	(1400, 1314, 37)	
1401	(1401, 633, 13)	
1402	(1402, 1289, 11)	(1402, 766, 36)	
1403	(1403, 376, 6)	
1404	(1404, 61, 7)	(1404, 756, 9)	(1404, 886, 28)	
1405	(1405, 331, 90)	
1406	(1406, 1810, 59)	(1406, 1533, 35)	
1407	(1407, 1742, 1)	(1407, 1011, 2)	
1408	(1408, 1032, 2)	(1408, 1920, 2)	(1408, 1458, 10)	(1408, 1444, 12)	(1408, 1793, 27)	(1408, 1355, 49)	
1409	(1409, 129, 13)	
1410	(1410, 1059, 12)	
1411	(1411, 481, 17)	(1411, 1157, 4)	(1411, 1921, 14)	
1412	(1412, 1154, 21)	
1413	(1413, 1217, 10)	(1413, 462, 16)	(1413, 1340, 32)	
1414	(1414, 1436, 36)	
1415	(1415, 1541, 12)	
1416	(1416, 774, 13)	
1417	(1417, 24, 3)	
1418	(1418, 1106, 18)	(1418, 1486, 74)	
1419	(1419, 1325, 54)	(1419, 507, 65)	
1420	(1420, 1293, 11)	
1421	(1421, 136, 59)	
1422	(1422, 898, 37)	
1423	(1423, 942, 30)	
1424	(1424, 1177, 0)	(1424, 1233, 1)	(1424, 176, 7)	
1425	(1425, 1554, 51)	(1425, 1339, 7)	
1426	(1426, 1875, 37)	
1427	(1427, 1025, 38)	(1427, 1687, 20)	
1428	(1428, 388, 5)	
1429	(1429, 1, 6)	(1429, 445, 13)	
1430	(1430, 1053, 27)	(1430, 1214, 12)	
1431	(1431, 1079, 10)	
1432	(1432, 415, 20)	
1433	(1433, 1979, 0)	(1433, 501, 2)	(1433, 1246, 6)	
1434	(1434, 1178, 17)	(1434, 926, 15)	
1435	(1435, 931, 23)	
1436	(1436, 1180, 0)	(1436, 1414, 36)	
1437	(1437, 157, 3)	(1437, 207, 21)	(1437, 1669, 34)	
1438	(1438, 1295, 29)	
1439	(1439, 466, 23)	(1439, 1320, 17)	
1440	(1440, 1444, 13)	
1441	(1441, 865, 14)	
1442	(1442, 931, 36)	(1442, 1954, 19)	(1442, 1971, 62)	
1443	(1443, 1765, 53)	
1444	(1444, 1408, 12)	(1444, 1440, 13)	
1445	(1445, 171, 16)	
1446	(1446, 1282, 18)	
1447	(1447, 271, 22)	
1448	(1448, 1304, 19)	
1449	(1449, 930, 25)	
1450	(1450, 1168, 14)	(1450, 419, 13)	(1450, 2028, 46)	
1451	(1451, 1024, 22)	
1452	(1452, 169, 11)	
1453	(1453, 1325, 16)	
1454	(1454, 1488, 21)	
1455	(1455, 44, 3)	
1456	(1456, 1106, 1)	(1456, 1204, 3)	
1457	(1457, 81, 1)	
1458	(1458, 1408, 10)	(1458, 458, 24)	
1459	(1459, 437, 95)	
1460	(1460, 1508, 30)	(1460, 763, 81)	
1461	(1461, 1168, 28)	
1462	(1462, 1018, 34)	
1463	(1463, 151, 34)	
1464	(1464, 1948, 0)	
1465	(1465, 1321, 7)	
1466	(1466, 1661, 15)	
1467	(1467, 1331, 1)	
1468	(1468, 1337, 1)	(1468, 1276, 82)	(1468, 1017, 86)	
1469	(1469, 980, 0)	
1470	(1470, 1322, 22)	(1470, 1172, 6)	(1470, 1497, 19)	
1471	(1471, 1341, 23)	
1472	(1472, 84, 19)	
1473	(1473, 1888, 29)	
1474	(1474, 67, 3)	
1475	(1475, 1746, 56)	
1476	(1476, 1268, 0)	
1477	(1477, 1637, 4)	(1477, 2045, 48)	(1477, 1487, 58)	
1478	(1478, 977, 8)	
1479	(1479, 1026, 49)	
1480	(1480, 1930, 6)	(1480, 1482, 30)	
1481	(1481, 1037, 1)	
1482	(1482, 1480, 30)	
1483	(1483, 1077, 31)	
1484	(1484, 448, 25)	(1484, 1378, 5)	
1485	(1485, 1709, 6)	(1485, 753, 32)	
1486	(1486, 1418, 74)	
1487	(1487, 1477, 58)	
1488	(1488, 1108, 3)	(1488, 434, 13)	(1488, 1454, 21)	
1489	(1489, 338, 11)	(1489, 1495, 2)	
1490	(1490, 158, 1)	(1490, 1238, 13)	
1491	(1491, 383, 1)	(1491, 1527, 1)	
1492	(1492, 20, 55)	
1493	(1493, 1104, 33)	
1494	(1494, 1168, 8)	(1494, 1622, 9)	
1495	(1495, 1489, 2)	(1495, 464, 1)	(1495, 2010, 3)	
1496	(1496, 985, 1)	(1496, 424, 7)	
1497	(1497, 1470, 19)	
1498	(1498, 320, 42)	
1499	(1499, 1144, 68)	
1500	(1500, 1384, 19)	
1501	(1501, 1149, 60)	
1502	(1502, 1720, 80)	
1503	(1503, 1053, 8)	(1503, 975, 60)	
1504	(1504, 193, 6)	(1504, 1505, 23)	
1505	(1505, 1504, 23)	(1505, 1133, 10)	
1506	(1506, 1283, 7)	(1506, 1934, 8)	(1506, 472, 14)	
1507	(1507, 1984, 48)	
1508	(1508, 1204, 28)	(1508, 1460, 30)	
1509	(1509, 462, 62)	
1510	(1510, 580, 8)	
1511	(1511, 1167, 82)	(1511, 963, 64)	
1512	(1512, 1529, 9)	(1512, 1199, 62)	
1513	(1513, 749, 77)	
1514	(1514, 170, 21)	
1515	(1515, 1000, 20)	
1516	(1516, 1522, 28)	(1516, 511, 7)	
1517	(1517, 1861, 23)	
1518	(1518, 1220, 38)	
1519	(1519, 1766, 79)	
1520	(1520, 136, 14)	(1520, 254, 62)	
1521	(1521, 1236, 1)	(1521, 1327, 3)	
1522	(1522, 1786, 22)	(1522, 1516, 28)	
1523	(1523, 1096, 21)	
1524	(1524, 2036, 26)	
1525	(1525, 1381, 33)	
1526	(1526, 1979, 1)	(1526, 1947, 0)	(1526, 1375, 0)	(1526, 599, 0)	
1527	(1527, 1491, 1)	(1527, 1108, 4)	(1527, 1914, 6)	(1527, 2017, 9)	
1528	(1528, 1152, 22)	
1529	(1529, 1133, 20)	(1529, 1512, 9)	
1530	(1530, 1387, 3)	(1530, 502, 72)	
1531	(1531, 1019, 63)	
1532	(1532, 1293, 48)	
1533	(1533, 1406, 35)	
1534	(1534, 946, 19)	
1535	(1535, 1062, 65)	(1535, 783, 49)	
1536	(1536, 539, 6)	(1536, 1024, 6)	(1536, 612, 7)	(1536, 1538, 12)	(1536, 931, 28)	
1537	(1537, 577, 13)	
1538	(1538, 1536, 12)	(1538, 1739, 12)	
1539	(1539, 1281, 2)	(1539, 1625, 26)	
1540	(1540, 645, 11)	(1540, 1599, 39)	
1541	(1541, 1189, 2)	(1541, 1557, 12)	(1541, 1415, 12)	
1542	(1542, 1664, 31)	
1543	(1543, 1852, 4)	
1544	(1544, 544, 1)	
1545	(1545, 513, 8)	
1546	(1546, 526, 28)	
1547	(1547, 636, 26)	
1548	(1548, 1220, 2)	(1548, 1804, 12)	
1549	(1549, 1044, 1)	(1549, 1932, 0)	
1550	(1550, 1670, 18)	
1551	(1551, 1230, 16)	(1551, 1058, 6)	
1552	(1552, 1168, 8)	(1552, 1104, 1)	(1552, 1234, 2)	
1553	(1553, 656, 3)	(1553, 1640, 25)	
1554	(1554, 546, 9)	(1554, 1938, 10)	(1554, 1425, 51)	
1555	(1555, 1947, 1)	(1555, 631, 15)	
1556	(1556, 1793, 29)	
1557	(1557, 1541, 12)	
1558	(1558, 1878, 38)	
1559	(1559, 1994, 42)	
1560	(1560, 972, 3)	(1560, 624, 20)	
1561	(1561, 604, 11)	
1562	(1562, 1040, 24)	
1563	(1563, 528, 4)	
1564	(1564, 20, 9)	(1564, 1311, 52)	
1565	(1565, 1116, 35)	(1565, 838, 23)	
1566	(1566, 1034, 25)	
1567	(1567, 601, 2)	
1568	(1568, 1318, 5)	(1568, 1717, 2)	
1569	(1569, 1316, 10)	(1569, 1067, 24)	
1570	(1570, 34, 14)	(1570, 1708, 28)	
1571	(1571, 1160, 11)	(1571, 1139, 12)	(1571, 1940, 18)	
1572	(1572, 807, 16)	
1573	(1573, 1126, 11)	
1574	(1574, 1723, 11)	(1574, 518, 27)	(1574, 1701, 30)	
1575	(1575, 22, 46)	
1576	(1576, 1071, 28)	
1577	(1577, 805, 2)	
1578	(1578, 768, 0)	(1578, 552, 2)	
1579	(1579, 538, 28)	
1580	(1580, 1135, 50)	
1581	(1581, 1121, 0)	
1582	(1582, 1919, 11)	(1582, 1198, 7)	(1582, 1839, 17)	
1583	(1583, 640, 3)	(1583, 1071, 20)	(1583, 159, 58)	(1583, 1850, 91)	(1583, 1005, 93)	
1584	(1584, 538, 7)	(1584, 1682, 22)	
1585	(1585, 624, 13)	(1585, 1983, 31)	
1586	(1586, 1626, 23)	
1587	(1587, 1760, 10)	(1587, 1606, 11)	(1587, 575, 73)	
1588	(1588, 1829, 5)	(1588, 1748, 11)	
1589	(1589, 788, 32)	(1589, 1718, 56)	
1590	(1590, 1591, 4)	
1591	(1591, 1638, 8)	(1591, 1590, 4)	(1591, 1723, 19)	
1592	(1592, 1963, 0)	(1592, 587, 15)	
1593	(1593, 1129, 10)	(1593, 1781, 80)	
1594	(1594, 1064, 4)	
1595	(1595, 1785, 2)	(1595, 622, 15)	
1596	(1596, 528, 15)	(1596, 1660, 73)	
1597	(1597, 1150, 31)	
1598	(1598, 2045, 18)	
1599	(1599, 1540, 39)	
1600	(1600, 516, 2)	(1600, 1216, 7)	(1600, 834, 14)	(1600, 583, 19)	(1600, 1875, 30)	(1600, 1881, 39)	
1601	(1601, 355, 1)	
1602	(1602, 66, 1)	
1603	(1603, 690, 15)	(1603, 1629, 19)	
1604	(1604, 0, 11)	(1604, 1288, 8)	
1605	(1605, 1156, 11)	(1605, 1636, 2)	
1606	(1606, 1587, 11)	
1607	(1607, 1730, 11)	
1608	(1608, 1856, 13)	(1608, 1800, 0)	(1608, 1694, 20)	(1608, 1663, 30)	
1609	(1609, 15, 7)	
1610	(1610, 574, 6)	(1610, 1892, 13)	
1611	(1611, 1864, 38)	
1612	(1612, 1064, 5)	(1612, 16, 8)	
1613	(1613, 587, 28)	(1613, 907, 33)	
1614	(1614, 550, 19)	
1615	(1615, 1093, 8)	
1616	(1616, 1732, 11)	
1617	(1617, 608, 8)	(1617, 1877, 55)	
1618	(1618, 798, 13)	
1619	(1619, 1233, 32)	(1619, 1807, 26)	
1620	(1620, 472, 6)	(1620, 1662, 4)	
1621	(1621, 1373, 4)	(1621, 1012, 86)	
1622	(1622, 1494, 9)	(1622, 1710, 42)	
1623	(1623, 1169, 26)	
1624	(1624, 1028, 25)	
1625	(1625, 1539, 26)	(1625, 1657, 20)	(1625, 1175, 21)	
1626	(1626, 1162, 19)	(1626, 1586, 23)	
1627	(1627, 824, 22)	
1628	(1628, 797, 21)	
1629	(1629, 1603, 19)	
1630	(1630, 598, 33)	
1631	(1631, 1910, 66)	
1632	(1632, 106, 10)	(1632, 1650, 9)	
1633	(1633, 225, 32)	
1634	(1634, 544, 28)	
1635	(1635, 732, 1)	(1635, 1269, 30)	
1636	(1636, 1605, 2)	
1637	(1637, 2017, 10)	(1637, 1477, 4)	
1638	(1638, 1026, 21)	(1638, 1591, 8)	(1638, 687, 12)	
1639	(1639, 750, 5)	
1640	(1640, 1553, 25)	(1640, 1644, 21)	
1641	(1641, 25, 18)	(1641, 1931, 12)	
1642	(1642, 1134, 34)	
1643	(1643, 1288, 32)	
1644	(1644, 1640, 21)	(1644, 1976, 87)	
1645	(1645, 612, 50)	
1646	(1646, 110, 22)	(1646, 1294, 7)	
1647	(1647, 1661, 26)	
1648	(1648, 1849, 17)	
1649	(1649, 1, 9)	
1650	(1650, 1632, 9)	(1650, 1654, 11)	
1651	(1651, 513, 10)	(1651, 1241, 22)	
1652	(1652, 1297, 51)	
1653	(1653, 1655, 36)	(1653, 1893, 77)	
1654	(1654, 1650, 11)	
1655	(1655, 126, 29)	(1655, 1653, 36)	
1656	(1656, 1011, 15)	(1656, 200, 11)	(1656, 706, 12)	
1657	(1657, 1625, 20)	
1658	(1658, 1082, 33)	
1659	(1659, 1712, 73)	
1660	(1660, 1596, 73)	
1661	(1661, 636, 0)	(1661, 1466, 15)	(1661, 1647, 26)	
1662	(1662, 1620, 4)	
1663	(1663, 1608, 30)	
1664	(1664, 660, 2)	(1664, 657, 8)	(1664, 649, 16)	(1664, 1542, 31)	
1665	(1665, 640, 10)	
1666	(1666, 1357, 3)	(1666, 644, 1)	(1666, 430, 5)	(1666, 1158, 21)	
1667	(1667, 321, 6)	
1668	(1668, 705, 6)	(1668, 604, 6)	
1669	(1669, 1437, 34)	
1670	(1670, 1038, 12)	(1670, 1755, 7)	(1670, 1550, 18)	
1671	(1671, 86, 13)	
1672	(1672, 1737, 6)	(1672, 1705, 39)	
1673	(1673, 1033, 19)	
1674	(1674, 710, 14)	
1675	(1675, 609, 29)	(1675, 1251, 60)	
1676	(1676, 1048, 25)	
1677	(1677, 1284, 4)	
1678	(1678, 1730, 39)	(1678, 1958, 39)	
1679	(1679, 541, 3)	
1680	(1680, 642, 26)	
1681	(1681, 689, 27)	(1681, 1716, 11)	(1681, 1245, 15)	(1681, 1769, 41)	(1681, 1749, 47)	(1681, 1685, 62)	
1682	(1682, 1584, 22)	(1682, 928, 4)	(1682, 1844, 23)	(1682, 1715, 89)	
1683	(1683, 896, 1)	(1683, 1075, 10)	
1684	(1684, 101, 0)	
1685	(1685, 1681, 62)	(1685, 1759, 69)	
1686	(1686, 6, 1)	
1687	(1687, 1427, 20)	
1688	(1688, 646, 27)	(1688, 1368, 31)	
1689	(1689, 641, 61)	
1690	(1690, 152, 25)	(1690, 446, 17)	
1691	(1691, 1930, 1)	
1692	(1692, 1070, 10)	
1693	(1693, 957, 19)	
1694	(1694, 1608, 20)	
1695	(1695, 1991, 79)	
1696	(1696, 33, 15)	(1696, 1952, 8)	(1696, 1972, 69)	
1697	(1697, 528, 22)	(1697, 559, 12)	
1698	(1698, 33, 3)	
1699	(1699, 1313, 22)	(1699, 943, 36)	
1700	(1700, 565, 6)	
1701	(1701, 1574, 30)	
1702	(1702, 614, 9)	
1703	(1703, 1714, 96)	
1704	(1704, 1768, 1)	(1704, 232, 2)	(1704, 346, 27)	
1705	(1705, 1672, 39)	
1706	(1706, 1802, 52)	
1707	(1707, 1166, 37)	(1707, 1711, 8)	(1707, 1331, 41)	
1708	(1708, 1570, 28)	
1709	(1709, 697, 11)	(1709, 1485, 6)	
1710	(1710, 1622, 42)	
1711	(1711, 1707, 8)	(1711, 1019, 77)	
1712	(1712, 828, 0)	(1712, 1272, 12)	(1712, 1968, 29)	(1712, 1659, 73)	
1713	(1713, 1988, 12)	(1713, 560, 7)	(1713, 1333, 22)	
1714	(1714, 1076, 0)	(1714, 1703, 96)	
1715	(1715, 1682, 89)	
1716	(1716, 1681, 11)	
1717	(1717, 1568, 2)	(1717, 1337, 4)	
1718	(1718, 1589, 56)	
1719	(1719, 535, 38)	
1720	(1720, 657, 15)	(1720, 1502, 80)	
1721	(1721, 2015, 29)	(1721, 1083, 5)	
1722	(1722, 1828, 11)	(1722, 319, 58)	
1723	(1723, 1591, 19)	(1723, 1774, 7)	(1723, 1574, 11)	
1724	(1724, 178, 38)	
1725	(1725, 940, 29)	
1726	(1726, 209, 24)	
1727	(1727, 1789, 35)	
1728	(1728, 1752, 18)	
1729	(1729, 807, 23)	(1729, 709, 27)	(1729, 1889, 63)	
1730	(1730, 1787, 10)	(1730, 1607, 11)	(1730, 390, 12)	(1730, 1678, 39)	(1730, 2011, 87)	
1731	(1731, 728, 68)	
1732	(1732, 1028, 18)	(1732, 1616, 11)	(1732, 1745, 80)	
1733	(1733, 707, 10)	(1733, 1933, 30)	
1734	(1734, 198, 7)	
1735	(1735, 576, 33)	
1736	(1736, 1088, 0)	(1736, 1768, 14)	
1737	(1737, 1178, 16)	(1737, 1672, 6)	
1738	(1738, 1026, 10)	(1738, 1048, 8)	(1738, 705, 8)	
1739	(1739, 1538, 12)	
1740	(1740, 584, 27)	
1741	(1741, 638, 14)	
1742	(1742, 508, 1)	(1742, 1407, 1)	
1743	(1743, 1033, 71)	
1744	(1744, 1773, 4)	(1744, 1165, 1)	(1744, 1746, 36)	
1745	(1745, 1732, 80)	
1746	(1746, 1744, 36)	(1746, 1475, 56)	
1747	(1747, 514, 50)	
1748	(1748, 1588, 11)	(1748, 1372, 4)	
1749	(1749, 1681, 47)	
1750	(1750, 711, 95)	
1751	(1751, 1979, 10)	
1752	(1752, 396, 14)	(1752, 1728, 18)	
1753	(1753, 1882, 2)	
1754	(1754, 210, 93)	
1755	(1755, 1670, 7)	
1756	(1756, 716, 34)	
1757	(1757, 2047, 0)	(1757, 1101, 3)	(1757, 910, 11)	
1758	(1758, 208, 52)	
1759	(1759, 1685, 69)	
1760	(1760, 1010, 23)	(1760, 2008, 2)	(1760, 1587, 10)	
1761	(1761, 1765, 11)	
1762	(1762, 385, 18)	(1762, 1009, 35)	
1763	(1763, 1171, 77)	(1763, 2022, 19)	
1764	(1764, 832, 54)	(1764, 754, 9)	
1765	(1765, 713, 18)	(1765, 1761, 11)	(1765, 1443, 53)	
1766	(1766, 1218, 25)	(1766, 1519, 79)	
1767	(1767, 608, 45)	
1768	(1768, 1736, 14)	(1768, 742, 0)	(1768, 1704, 1)	
1769	(1769, 1681, 41)	
1770	(1770, 721, 29)	
1771	(1771, 1375, 18)	
1772	(1772, 864, 15)	
1773	(1773, 1247, 1)	(1773, 1744, 4)	
1774	(1774, 1723, 7)	
1775	(1775, 338, 41)	
1776	(1776, 530, 23)	
1777	(1777, 1204, 1)	(1777, 1393, 10)	(1777, 2016, 12)	
1778	(1778, 1905, 45)	
1779	(1779, 251, 1)	(1779, 1146, 34)	
1780	(1780, 0, 4)	(1780, 723, 24)	
1781	(1781, 1593, 80)	
1782	(1782, 466, 30)	
1783	(1783, 2047, 1)	(1783, 1230, 0)	(1783, 1087, 5)	
1784	(1784, 674, 7)	(1784, 25, 12)	(1784, 977, 25)	
1785	(1785, 1874, 7)	(1785, 1595, 2)	
1786	(1786, 197, 18)	(1786, 1522, 22)	
1787	(1787, 1003, 0)	(1787, 1730, 10)	
1788	(1788, 80, 71)	
1789	(1789, 1037, 67)	(1789, 1727, 35)	
1790	(1790, 1242, 56)	
1791	(1791, 744, 2)	
1792	(1792, 291, 4)	(1792, 1960, 19)	
1793	(1793, 1408, 27)	(1793, 1556, 29)	
1794	(1794, 1180, 13)	(1794, 18, 0)	(1794, 1929, 19)	(1794, 1827, 20)	
1795	(1795, 21, 27)	
1796	(1796, 1874, 11)	(1796, 516, 3)	(1796, 772, 12)	(1796, 996, 14)	(1796, 423, 19)	(1796, 1308, 32)	
1797	(1797, 1807, 33)	(1797, 1857, 67)	
1798	(1798, 332, 16)	(1798, 1858, 23)	(1798, 1894, 41)	
1799	(1799, 802, 62)	
1800	(1800, 1608, 0)	(1800, 781, 24)	
1801	(1801, 1024, 28)	(1801, 1989, 38)	
1802	(1802, 256, 12)	(1802, 1706, 52)	
1803	(1803, 297, 4)	(1803, 273, 2)	(1803, 1321, 20)	
1804	(1804, 1548, 12)	
1805	(1805, 1178, 2)	
1806	(1806, 1926, 17)	(1806, 1837, 37)	
1807	(1807, 1619, 26)	(1807, 1797, 33)	
1808	(1808, 1296, 9)	(1808, 1982, 0)	(1808, 320, 8)	(1808, 1361, 26)	
1809	(1809, 1923, 16)	(1809, 922, 32)	(1809, 1973, 36)	
1810	(1810, 1280, 3)	(1810, 2034, 34)	(1810, 1406, 59)	
1811	(1811, 261, 11)	(1811, 538, 10)	
1812	(1812, 571, 8)	
1813	(1813, 1309, 5)	
1814	(1814, 1292, 18)	(1814, 1847, 84)	
1815	(1815, 464, 89)	
1816	(1816, 768, 17)	(1816, 888, 0)	
1817	(1817, 1370, 15)	
1818	(1818, 1922, 28)	
1819	(1819, 393, 4)	(1819, 1310, 24)	(1819, 923, 35)	
1820	(1820, 1016, 49)	(1820, 1855, 4)	(1820, 1916, 96)	
1821	(1821, 1291, 10)	(1821, 2012, 7)	
1822	(1822, 790, 12)	
1823	(1823, 790, 39)	
1824	(1824, 1360, 17)	
1825	(1825, 400, 7)	(1825, 1357, 4)	
1826	(1826, 1313, 1)	(1826, 1963, 8)	(1826, 1910, 10)	(1826, 1395, 39)	
1827	(1827, 1794, 20)	
1828	(1828, 1336, 10)	(1828, 1722, 11)	
1829	(1829, 1375, 9)	(1829, 1588, 5)	(1829, 839, 5)	
1830	(1830, 1098, 1)	
1831	(1831, 301, 17)	
1832	(1832, 1920, 9)	
1833	(1833, 1836, 18)	
1834	(1834, 329, 15)	
1835	(1835, 699, 14)	
1836	(1836, 984, 1)	(1836, 1833, 18)	
1837	(1837, 1806, 37)	
1838	(1838, 1947, 0)	(1838, 383, 0)	
1839	(1839, 1582, 17)	
1840	(1840, 1037, 19)	
1841	(1841, 561, 3)	(1841, 619, 80)	
1842	(1842, 1851, 11)	(1842, 842, 5)	
1843	(1843, 1323, 39)	
1844	(1844, 1682, 23)	
1845	(1845, 1935, 74)	
1846	(1846, 1348, 18)	
1847	(1847, 1814, 84)	
1848	(1848, 45, 65)	
1849	(1849, 1319, 11)	(1849, 826, 15)	(1849, 1648, 17)	
1850	(1850, 1583, 91)	
1851	(1851, 1099, 22)	(1851, 1842, 11)	
1852	(1852, 1320, 14)	(1852, 1543, 4)	
1853	(1853, 785, 21)	
1854	(1854, 1996, 65)	
1855	(1855, 1820, 4)	
1856	(1856, 390, 12)	(1856, 1298, 1)	(1856, 1608, 13)	(1856, 2006, 21)	
1857	(1857, 1797, 67)	
1858	(1858, 1798, 23)	(1858, 433, 28)	
1859	(1859, 1285, 21)	
1860	(1860, 1344, 49)	
1861	(1861, 1158, 17)	(1861, 1891, 12)	(1861, 1517, 23)	(1861, 1884, 34)	
1862	(1862, 1986, 8)	(1862, 591, 6)	
1863	(1863, 579, 41)	
1864	(1864, 536, 19)	(1864, 1866, 20)	(1864, 1611, 38)	
1865	(1865, 1152, 26)	
1866	(1866, 1864, 20)	
1867	(1867, 322, 40)	
1868	(1868, 472, 35)	
1869	(1869, 75, 66)	
1870	(1870, 1284, 19)	
1871	(1871, 842, 17)	(1871, 1999, 5)	
1872	(1872, 1220, 20)	
1873	(1873, 1986, 4)	(1873, 1115, 75)	
1874	(1874, 595, 6)	(1874, 1785, 7)	(1874, 1796, 11)	
1875	(1875, 1600, 30)	(1875, 1918, 18)	(1875, 1426, 37)	
1876	(1876, 880, 9)	
1877	(1877, 1617, 55)	
1878	(1878, 630, 4)	(1878, 1558, 38)	(1878, 1014, 45)	
1879	(1879, 1940, 14)	
1880	(1880, 794, 29)	(1880, 1896, 49)	
1881	(1881, 1600, 39)	
1882	(1882, 2047, 16)	(1882, 1753, 2)	
1883	(1883, 1142, 41)	
1884	(1884, 1861, 34)	(1884, 2037, 99)	(1884, 2037, 99)	
1885	(1885, 516, 29)	(1885, 335, 35)	
1886	(1886, 477, 63)	
1887	(1887, 1114, 69)	
1888	(1888, 356, 30)	(1888, 469, 2)	(1888, 1473, 29)	
1889	(1889, 1729, 63)	
1890	(1890, 811, 42)	
1891	(1891, 1861, 12)	
1892	(1892, 1610, 13)	(1892, 1383, 1)	
1893	(1893, 1653, 77)	
1894	(1894, 1798, 41)	
1895	(1895, 1924, 65)	(1895, 2039, 1)	
1896	(1896, 1880, 49)	
1897	(1897, 768, 4)	(1897, 844, 3)	
1898	(1898, 1386, 27)	
1899	(1899, 1271, 0)	
1900	(1900, 1984, 34)	
1901	(1901, 811, 86)	
1902	(1902, 1076, 21)	
1903	(1903, 259, 17)	
1904	(1904, 172, 23)	(1904, 2032, 2)	
1905	(1905, 154, 30)	(1905, 1778, 45)	(1905, 1907, 63)	
1906	(1906, 1394, 35)	
1907	(1907, 1905, 63)	
1908	(1908, 1062, 23)	
1909	(1909, 1003, 0)	
1910	(1910, 1826, 10)	(1910, 1631, 66)	
1911	(1911, 562, 17)	(1911, 983, 19)	
1912	(1912, 210, 0)	
1913	(1913, 377, 28)	
1914	(1914, 1527, 6)	
1915	(1915, 59, 59)	
1916	(1916, 1820, 96)	
1917	(1917, 317, 16)	
1918	(1918, 1875, 18)	
1919	(1919, 1299, 9)	(1919, 1582, 11)	
1920	(1920, 1408, 2)	(1920, 1832, 9)	
1921	(1921, 1411, 14)	(1921, 933, 25)	
1922	(1922, 774, 21)	(1922, 1937, 20)	(1922, 1818, 28)	
1923	(1923, 517, 11)	(1923, 1809, 16)	
1924	(1924, 836, 20)	(1924, 1895, 65)	
1925	(1925, 1152, 8)	(1925, 1183, 45)	
1926	(1926, 390, 11)	(1926, 1806, 17)	
1927	(1927, 705, 5)	(1927, 471, 8)	
1928	(1928, 945, 37)	
1929	(1929, 1794, 19)	
1930	(1930, 1963, 41)	(1930, 1691, 1)	(1930, 1480, 6)	
1931	(1931, 1641, 12)	
1932	(1932, 1549, 0)	(1932, 916, 3)	(1932, 2046, 21)	
1933	(1933, 1733, 30)	
1934	(1934, 1506, 8)	
1935	(1935, 1957, 31)	(1935, 1845, 74)	
1936	(1936, 1018, 12)	(1936, 1946, 14)	
1937	(1937, 1922, 20)	
1938	(1938, 1554, 10)	
1939	(1939, 1947, 2)	
1940	(1940, 1571, 18)	(1940, 1879, 14)	
1941	(1941, 1944, 5)	
1942	(1942, 535, 4)	(1942, 2002, 12)	
1943	(1943, 727, 19)	
1944	(1944, 1152, 6)	(1944, 1941, 5)	(1944, 927, 25)	
1945	(1945, 147, 35)	
1946	(1946, 1936, 14)	
1947	(1947, 1526, 0)	(1947, 1838, 0)	(1947, 1555, 1)	(1947, 1939, 2)	
1948	(1948, 942, 16)	(1948, 1464, 0)	
1949	(1949, 958, 0)	(1949, 829, 6)	
1950	(1950, 540, 50)	
1951	(1951, 674, 13)	
1952	(1952, 1696, 8)	
1953	(1953, 1329, 45)	(1953, 1967, 95)	
1954	(1954, 1442, 19)	(1954, 1202, 47)	
1955	(1955, 786, 41)	(1955, 2019, 25)	
1956	(1956, 972, 17)	(1956, 1966, 28)	
1957	(1957, 1964, 3)	(1957, 2009, 22)	(1957, 1935, 31)	
1958	(1958, 1678, 39)	
1959	(1959, 907, 1)	
1960	(1960, 1792, 19)	
1961	(1961, 1033, 17)	
1962	(1962, 418, 75)	
1963	(1963, 1826, 8)	(1963, 1592, 0)	(1963, 1930, 41)	
1964	(1964, 822, 15)	(1964, 1957, 3)	
1965	(1965, 309, 3)	
1966	(1966, 1956, 28)	
1967	(1967, 1953, 95)	
1968	(1968, 1712, 29)	
1969	(1969, 937, 30)	(1969, 1394, 2)	
1970	(1970, 786, 54)	
1971	(1971, 1442, 62)	
1972	(1972, 1696, 69)	
1973	(1973, 1809, 36)	
1974	(1974, 918, 96)	
1975	(1975, 1366, 30)	(1975, 951, 15)	
1976	(1976, 1644, 87)	(1976, 2044, 21)	
1977	(1977, 1011, 12)	
1978	(1978, 2019, 17)	
1979	(1979, 1271, 0)	(1979, 2024, 0)	(1979, 1433, 0)	(1979, 980, 0)	(1979, 1526, 1)	(1979, 1751, 10)	
1980	(1980, 1068, 16)	(1980, 1028, 17)	
1981	(1981, 561, 24)	
1982	(1982, 1808, 0)	
1983	(1983, 1585, 31)	
1984	(1984, 397, 5)	(1984, 794, 2)	(1984, 840, 13)	(1984, 1996, 25)	(1984, 1900, 34)	(1984, 1507, 48)	(1984, 2004, 85)	
1985	(1985, 353, 31)	
1986	(1986, 848, 21)	(1986, 1873, 4)	(1986, 1862, 8)	
1987	(1987, 449, 13)	
1988	(1988, 70, 15)	(1988, 1713, 12)	
1989	(1989, 1801, 38)	
1990	(1990, 901, 23)	(1990, 1991, 16)	
1991	(1991, 1990, 16)	(1991, 1695, 79)	
1992	(1992, 996, 5)	
1993	(1993, 997, 18)	
1994	(1994, 1348, 6)	(1994, 1559, 42)	
1995	(1995, 131, 9)	
1996	(1996, 1984, 25)	(1996, 1854, 65)	
1997	(1997, 1286, 2)	
1998	(1998, 558, 50)	
1999	(1999, 1871, 5)	
2000	(2000, 2009, 52)	
2001	(2001, 2043, 12)	
2002	(2002, 1942, 12)	
2003	(2003, 1172, 53)	
2004	(2004, 1984, 85)	
2005	(2005, 897, 81)	
2006	(2006, 1856, 21)	
2007	(2007, 1319, 12)	
2008	(2008, 1760, 2)	
2009	(2009, 1957, 22)	(2009, 2042, 29)	(2009, 2000, 52)	
2010	(2010, 1495, 3)	
2011	(2011, 1730, 87)	
2012	(2012, 1821, 7)	(2012, 876, 9)	
2013	(2013, 241, 79)	
2014	(2014, 156, 51)	
2015	(2015, 2027, 6)	(2015, 1721, 29)	(2015, 982, 76)	
2016	(2016, 1777, 12)	
2017	(2017, 1527, 9)	(2017, 1637, 10)	
2018	(2018, 1184, 45)	
2019	(2019, 1955, 25)	(2019, 1978, 17)	
2020	(2020, 1332, 7)	(2020, 936, 12)	
2021	(2021, 1349, 36)	
2022	(2022, 1763, 19)	(2022, 1006, 3)	
2023	(2023, 1022, 86)	
2024	(2024, 1979, 0)	(2024, 508, 0)	(2024, 2047, 1)	
2025	(2025, 457, 2)	(2025, 990, 14)	
2026	(2026, 980, 26)	(2026, 366, 11)	(2026, 998, 24)	
2027	(2027, 1257, 22)	(2027, 2015, 6)	
2028	(2028, 1450, 46)	
2029	(2029, 20, 7)	
2030	(2030, 1268, 22)	
2031	(2031, 749, 16)	
2032	(2032, 1904, 2)	
2033	(2033, 736, 62)	
2034	(2034, 1810, 34)	
2035	(2035, 939, 6)	
2036	(2036, 62, 10)	(2036, 1524, 26)	
2037	(2037, 1884, 99)	(2037, 1884, 99)	
2038	(2038, 1375, 0)	
2039	(2039, 1895, 1)	
2040	(2040, 520, 23)	
2041	(2041, 451, 63)	
2042	(2042, 2009, 29)	
2043	(2043, 599, 2)	(2043, 2001, 12)	
2044	(2044, 1976, 21)	
2045	(2045, 1477, 48)	(2045, 1598, 18)	
2046	(2046, 1932, 21)	
2047	(2047, 2024, 1)	(2047, 1757, 0)	(2047, 1783, 1)	(2047, 1316, 5)	(2047, 1882, 16)	
