Min Cost: 1039
0	(0, 14, 6)	(0, 32, 6)	(0, 26, 9)	(0, 57, 14)	(0, 34, 18)	(0, 22, 37)	
1	(1, 17, 4)	(1, 43, 11)	
2	(2, 18, 5)	(2, 62, 19)	
3	(3, 10, 7)	(3, 17, 7)	(3, 27, 10)	(3, 18, 21)	
4	(4, 17, 2)	(4, 28, 2)	(4, 6, 2)	(4, 20, 3)	(4, 40, 5)	
5	(5, 10, 5)	
6	(6, 4, 2)	(6, 13, 16)	(6, 23, 23)	
7	(7, 33, 15)	(7, 36, 1)	(7, 12, 3)	(7, 47, 23)	
8	(8, 32, 1)	(8, 42, 6)	
9	(9, 45, 21)	
10	(10, 14, 5)	(10, 3, 7)	(10, 5, 5)	
11	(11, 14, 14)	(11, 35, 39)	
12	(12, 7, 3)	
13	(13, 6, 16)	(13, 37, 38)	
14	(14, 0, 6)	(14, 10, 5)	(14, 11, 14)	
15	(15, 44, 21)	(15, 50, 22)	
16	(16, 56, 8)	(16, 25, 9)	(16, 46, 12)	
17	(17, 3, 7)	(17, 21, 1)	(17, 4, 2)	(17, 1, 4)	
18	(18, 3, 21)	(18, 2, 5)	
19	(19, 26, 15)	
20	(20, 4, 3)	(20, 54, 9)	(20, 44, 16)	
21	(21, 17, 1)	(21, 55, 1)	(21, 31, 35)	
22	(22, 0, 37)	(22, 58, 75)	
23	(23, 6, 23)	
24	(24, 25, 2)	
25	(25, 16, 9)	(25, 24, 2)	
26	(26, 0, 9)	(26, 19, 15)	
27	(27, 3, 10)	(27, 56, 1)	
28	(28, 4, 2)	
29	(29, 45, 84)	(29, 45, 84)	
30	(30, 60, 1)	
31	(31, 21, 35)	(31, 63, 34)	
32	(32, 0, 6)	(32, 8, 1)	
33	(33, 41, 15)	(33, 7, 15)	
34	(34, 0, 18)	(34, 39, 22)	
35	(35, 11, 39)	(35, 51, 39)	
36	(36, 7, 1)	(36, 48, 36)	
37	(37, 13, 38)	
38	(38, 52, 33)	
39	(39, 34, 22)	
40	(40, 4, 5)	(40, 41, 6)	(40, 52, 11)	
41	(41, 40, 6)	(41, 33, 15)	
42	(42, 8, 6)	
43	(43, 1, 11)	
44	(44, 20, 16)	(44, 15, 21)	(44, 45, 33)	
45	(45, 44, 33)	(45, 53, 3)	(45, 9, 21)	(45, 29, 84)	(45, 29, 84)	
46	(46, 16, 12)	
47	(47, 7, 23)	
48	(48, 36, 36)	(48, 49, 40)	
49	(49, 48, 40)	
50	(50, 15, 22)	
51	(51, 35, 39)	
52	(52, 40, 11)	(52, 38, 33)	
53	(53, 45, 3)	
54	(54, 20, 9)	
55	(55, 21, 1)	
56	(56, 27, 1)	(56, 16, 8)	
57	(57, 0, 14)	(57, 60, 2)	
58	(58, 22, 75)	
59	(59, 60, 51)	
60	(60, 57, 2)	(60, 30, 1)	(60, 59, 51)	
61	(61, 62, 4)	
62	(62, 2, 19)	(62, 61, 4)	
63	(63, 31, 34)	
