Min Cost: 2014
0	(0, 32, 0)	(0, 86, 2)	(0, 66, 6)	(0, 5, 11)	
1	(1, 10, 9)	(1, 80, 5)	(1, 12, 8)	(1, 115, 64)	
2	(2, 19, 18)	(2, 94, 1)	(2, 54, 6)	(2, 83, 20)	
3	(3, 67, 10)	(3, 18, 16)	
4	(4, 64, 0)	(4, 6, 1)	
5	(5, 0, 11)	(5, 56, 1)	(5, 68, 2)	(5, 10, 5)	
6	(6, 4, 1)	(6, 14, 9)	(6, 36, 26)	
7	(7, 77, 8)	(7, 67, 4)	(7, 84, 15)	
8	(8, 14, 7)	(8, 106, 3)	(8, 77, 10)	
9	(9, 56, 2)	(9, 105, 0)	
10	(10, 96, 8)	(10, 1, 9)	(10, 5, 5)	
11	(11, 66, 38)	(11, 122, 2)	
12	(12, 1, 8)	(12, 44, 1)	
13	(13, 17, 17)	(13, 41, 3)	(13, 30, 7)	(13, 25, 38)	
14	(14, 6, 9)	(14, 8, 7)	
15	(15, 77, 14)	(15, 38, 3)	(15, 74, 15)	
16	(16, 80, 10)	(16, 118, 2)	(16, 52, 4)	(16, 27, 9)	(16, 17, 14)	(16, 20, 23)	(16, 107, 76)	(16, 107, 76)	
17	(17, 16, 14)	(17, 13, 17)	
18	(18, 3, 16)	(18, 82, 1)	(18, 26, 9)	(18, 19, 11)	
19	(19, 18, 11)	(19, 23, 3)	(19, 2, 18)	
20	(20, 16, 23)	(20, 55, 40)	
21	(21, 32, 10)	(21, 31, 39)	
22	(22, 68, 37)	
23	(23, 19, 3)	(23, 29, 22)	
24	(24, 29, 16)	
25	(25, 13, 38)	(25, 78, 4)	
26	(26, 18, 9)	
27	(27, 16, 9)	(27, 62, 19)	(27, 91, 46)	
28	(28, 77, 2)	(28, 120, 14)	(28, 109, 15)	
29	(29, 23, 22)	(29, 24, 16)	
30	(30, 13, 7)	
31	(31, 21, 39)	
32	(32, 0, 0)	(32, 21, 10)	
33	(33, 59, 5)	
34	(34, 96, 21)	
35	(35, 50, 21)	(35, 87, 1)	(35, 121, 7)	(35, 43, 71)	
36	(36, 6, 26)	
37	(37, 38, 10)	
38	(38, 15, 3)	(38, 37, 10)	(38, 71, 33)	
39	(39, 67, 15)	
40	(40, 44, 25)	
41	(41, 13, 3)	
42	(42, 96, 15)	(42, 98, 2)	(42, 110, 58)	
43	(43, 35, 71)	
44	(44, 12, 1)	(44, 40, 25)	
45	(45, 109, 11)	(45, 97, 8)	
46	(46, 89, 6)	
47	(47, 94, 11)	
48	(48, 82, 16)	(48, 113, 3)	(48, 53, 5)	
49	(49, 116, 21)	
50	(50, 90, 9)	(50, 35, 21)	
51	(51, 113, 35)	
52	(52, 16, 4)	
53	(53, 48, 5)	
54	(54, 2, 6)	
55	(55, 20, 40)	
56	(56, 5, 1)	(56, 9, 2)	
57	(57, 74, 10)	(57, 73, 14)	(57, 61, 21)	
58	(58, 109, 41)	
59	(59, 88, 17)	(59, 33, 5)	
60	(60, 73, 11)	
61	(61, 57, 21)	
62	(62, 27, 19)	
63	(63, 125, 3)	(63, 123, 10)	
64	(64, 65, 6)	(64, 4, 0)	(64, 96, 1)	(64, 92, 7)	
65	(65, 64, 6)	
66	(66, 0, 6)	(66, 69, 3)	(66, 11, 38)	
67	(67, 7, 4)	(67, 3, 10)	(67, 39, 15)	
68	(68, 5, 2)	(68, 108, 3)	(68, 70, 8)	(68, 85, 20)	(68, 22, 37)	
69	(69, 66, 3)	
70	(70, 68, 8)	(70, 119, 8)	
71	(71, 38, 33)	(71, 127, 26)	(71, 79, 26)	
72	(72, 73, 16)	
73	(73, 57, 14)	(73, 60, 11)	(73, 72, 16)	
74	(74, 15, 15)	(74, 57, 10)	
75	(75, 90, 32)	
76	(76, 106, 6)	
77	(77, 8, 10)	(77, 28, 2)	(77, 7, 8)	(77, 15, 14)	
78	(78, 25, 4)	
79	(79, 71, 26)	
80	(80, 1, 5)	(80, 88, 7)	(80, 16, 10)	(80, 100, 14)	
81	(81, 89, 4)	
82	(82, 18, 1)	(82, 90, 8)	(82, 48, 16)	
83	(83, 2, 20)	
84	(84, 7, 15)	(84, 102, 35)	
85	(85, 68, 20)	(85, 93, 21)	
86	(86, 0, 2)	
87	(87, 35, 1)	
88	(88, 80, 7)	(88, 59, 17)	
89	(89, 93, 33)	(89, 81, 4)	(89, 46, 6)	(89, 114, 10)	
90	(90, 82, 8)	(90, 50, 9)	(90, 75, 32)	(90, 95, 46)	
91	(91, 27, 46)	
92	(92, 64, 7)	
93	(93, 85, 21)	(93, 117, 4)	(93, 89, 33)	
94	(94, 2, 1)	(94, 47, 11)	
95	(95, 90, 46)	
96	(96, 64, 1)	(96, 10, 8)	(96, 42, 15)	(96, 34, 21)	(96, 111, 23)	
97	(97, 45, 8)	
98	(98, 42, 2)	
99	(99, 117, 11)	
100	(100, 80, 14)	(100, 125, 6)	(100, 112, 28)	(100, 116, 33)	
101	(101, 105, 22)	
102	(102, 84, 35)	
103	(103, 119, 52)	
104	(104, 124, 31)	
105	(105, 9, 0)	(105, 101, 22)	
106	(106, 8, 3)	(106, 76, 6)	(106, 124, 58)	
107	(107, 16, 76)	(107, 16, 76)	
108	(108, 68, 3)	
109	(109, 28, 15)	(109, 45, 11)	(109, 58, 41)	
110	(110, 42, 58)	
111	(111, 96, 23)	
112	(112, 100, 28)	
113	(113, 48, 3)	(113, 51, 35)	
114	(114, 89, 10)	
115	(115, 1, 64)	
116	(116, 100, 33)	(116, 49, 21)	
117	(117, 93, 4)	(117, 99, 11)	
118	(118, 16, 2)	
119	(119, 70, 8)	(119, 103, 52)	
120	(120, 28, 14)	
121	(121, 35, 7)	
122	(122, 11, 2)	(122, 126, 29)	
123	(123, 63, 10)	
124	(124, 106, 58)	(124, 104, 31)	
125	(125, 100, 6)	(125, 63, 3)	
126	(126, 122, 29)	
127	(127, 71, 26)	
