Min Cost: 447
0	(0, 16, 1)	(0, 18, 3)	(0, 2, 3)	(0, 14, 9)	
1	(1, 2, 6)	(1, 17, 2)	(1, 24, 6)	(1, 4, 14)	
2	(2, 0, 3)	(2, 12, 4)	(2, 1, 6)	(2, 3, 8)	(2, 7, 45)	(2, 28, 46)	
3	(3, 2, 8)	(3, 11, 10)	
4	(4, 1, 14)	(4, 6, 7)	
5	(5, 15, 11)	(5, 10, 5)	
6	(6, 4, 7)	
7	(7, 2, 45)	
8	(8, 9, 1)	(8, 21, 3)	
9	(9, 12, 15)	(9, 8, 1)	
10	(10, 16, 15)	(10, 5, 5)	
11	(11, 3, 10)	
12	(12, 2, 4)	(12, 9, 15)	(12, 13, 31)	(12, 25, 36)	
13	(13, 12, 31)	(13, 31, 15)	
14	(14, 0, 9)	
15	(15, 5, 11)	
16	(16, 0, 1)	(16, 10, 15)	
17	(17, 1, 2)	(17, 29, 51)	(17, 29, 51)	
18	(18, 0, 3)	(18, 26, 2)	(18, 19, 12)	
19	(19, 18, 12)	
20	(20, 26, 1)	
21	(21, 8, 3)	(21, 23, 28)	
22	(22, 31, 25)	
23	(23, 21, 28)	
24	(24, 1, 6)	
25	(25, 12, 36)	
26	(26, 18, 2)	(26, 20, 1)	(26, 27, 28)	
27	(27, 26, 28)	
28	(28, 2, 46)	
29	(29, 17, 51)	(29, 17, 51)	
30	(30, 31, 4)	
31	(31, 13, 15)	(31, 30, 4)	(31, 22, 25)	
