Min Cost: 4169
0	(0, 59, 4)	(0, 97, 7)	(0, 33, 10)	(0, 112, 17)	(0, 164, 20)	
1	(1, 20, 14)	(1, 134, 7)	
2	(2, 32, 7)	(2, 3, 1)	(2, 23, 3)	(2, 230, 9)	
3	(3, 2, 1)	(3, 178, 3)	
4	(4, 160, 6)	(4, 77, 15)	(4, 228, 16)	
5	(5, 51, 0)	(5, 10, 5)	
6	(6, 86, 6)	
7	(7, 65, 14)	(7, 40, 2)	(7, 39, 14)	
8	(8, 153, 11)	(8, 190, 8)	(8, 128, 10)	
9	(9, 49, 11)	(9, 10, 9)	(9, 27, 28)	
10	(10, 9, 9)	(10, 156, 18)	(10, 5, 5)	
11	(11, 15, 3)	(11, 43, 6)	(11, 170, 8)	
12	(12, 140, 1)	(12, 76, 0)	(12, 42, 15)	(12, 44, 22)	
13	(13, 15, 11)	(13, 45, 42)	
14	(14, 28, 1)	(14, 15, 1)	
15	(15, 14, 1)	(15, 11, 3)	(15, 13, 11)	
16	(16, 129, 2)	(16, 210, 1)	(16, 144, 6)	(16, 22, 10)	(16, 17, 10)	
17	(17, 16, 10)	(17, 153, 6)	(17, 137, 8)	(17, 145, 8)	(17, 66, 20)	(17, 169, 80)	
18	(18, 68, 1)	(18, 20, 0)	(18, 146, 1)	(18, 50, 28)	
19	(19, 66, 4)	(19, 107, 29)	
20	(20, 18, 0)	(20, 21, 3)	(20, 182, 4)	(20, 1, 14)	
21	(21, 20, 3)	(21, 181, 6)	(21, 51, 8)	(21, 221, 13)	
22	(22, 16, 10)	(22, 159, 20)	
23	(23, 2, 3)	
24	(24, 60, 22)	
25	(25, 40, 8)	(25, 57, 8)	
26	(26, 66, 15)	(26, 52, 22)	
27	(27, 9, 28)	
28	(28, 68, 12)	(28, 14, 1)	(28, 108, 16)	
29	(29, 144, 1)	
30	(30, 60, 10)	(30, 95, 11)	
31	(31, 81, 8)	
32	(32, 160, 2)	(32, 68, 2)	(32, 2, 7)	(32, 237, 15)	
33	(33, 0, 10)	(33, 65, 2)	(33, 67, 6)	(33, 49, 7)	(33, 103, 14)	(33, 36, 15)	(33, 35, 19)	
34	(34, 67, 6)	
35	(35, 33, 19)	
36	(36, 33, 15)	(36, 38, 18)	(36, 172, 33)	
37	(37, 68, 0)	(37, 180, 5)	(37, 111, 24)	
38	(38, 36, 18)	(38, 56, 7)	(38, 131, 7)	(38, 245, 15)	(38, 194, 25)	
39	(39, 7, 14)	
40	(40, 7, 2)	(40, 25, 8)	(40, 109, 32)	
41	(41, 57, 1)	(41, 201, 7)	
42	(42, 12, 15)	
43	(43, 11, 6)	(43, 167, 5)	
44	(44, 12, 22)	
45	(45, 13, 42)	
46	(46, 234, 34)	(46, 58, 14)	(46, 236, 16)	
47	(47, 158, 18)	(47, 110, 11)	
48	(48, 49, 2)	(48, 100, 2)	(48, 240, 3)	
49	(49, 33, 7)	(49, 48, 2)	(49, 9, 11)	
50	(50, 18, 28)	
51	(51, 21, 8)	(51, 5, 0)	
52	(52, 26, 22)	
53	(53, 57, 22)	(53, 117, 11)	
54	(54, 55, 33)	
55	(55, 181, 18)	(55, 82, 3)	(55, 54, 33)	
56	(56, 38, 7)	(56, 61, 31)	
57	(57, 25, 8)	(57, 41, 1)	(57, 53, 22)	
58	(58, 46, 14)	
59	(59, 0, 4)	
60	(60, 184, 26)	(60, 162, 10)	(60, 30, 10)	(60, 24, 22)	
61	(61, 56, 31)	(61, 157, 11)	
62	(62, 107, 2)	
63	(63, 75, 98)	(63, 75, 98)	
64	(64, 194, 15)	(64, 220, 8)	(64, 232, 26)	
65	(65, 33, 2)	(65, 7, 14)	
66	(66, 17, 20)	(66, 19, 4)	(66, 26, 15)	
67	(67, 33, 6)	(67, 34, 6)	
68	(68, 32, 2)	(68, 37, 0)	(68, 18, 1)	(68, 69, 7)	(68, 72, 11)	(68, 28, 12)	(68, 222, 18)	
69	(69, 68, 7)	(69, 199, 15)	
70	(70, 161, 25)	
71	(71, 135, 29)	
72	(72, 68, 11)	(72, 74, 3)	(72, 96, 11)	(72, 88, 21)	
73	(73, 81, 1)	(73, 233, 4)	
74	(74, 72, 3)	(74, 192, 16)	
75	(75, 94, 0)	(75, 99, 15)	(75, 63, 98)	(75, 63, 98)	
76	(76, 12, 0)	(76, 92, 15)	(76, 94, 24)	
77	(77, 4, 15)	(77, 207, 36)	
78	(78, 96, 19)	
79	(79, 104, 77)	
80	(80, 85, 16)	(80, 218, 10)	(80, 216, 16)	
81	(81, 145, 11)	(81, 73, 1)	(81, 31, 8)	
82	(82, 55, 3)	(82, 91, 11)	(82, 90, 21)	
83	(83, 145, 2)	(83, 115, 14)	(83, 211, 15)	
84	(84, 92, 11)	(84, 98, 25)	
85	(85, 199, 2)	(85, 80, 16)	
86	(86, 196, 18)	(86, 6, 6)	
87	(87, 219, 11)	
88	(88, 72, 21)	(88, 89, 12)	
89	(89, 88, 12)	
90	(90, 82, 21)	(90, 121, 11)	
91	(91, 82, 11)	(91, 155, 40)	
92	(92, 76, 15)	(92, 84, 11)	
93	(93, 232, 28)	
94	(94, 76, 24)	(94, 250, 0)	(94, 75, 0)	
95	(95, 30, 11)	(95, 223, 15)	
96	(96, 72, 11)	(96, 78, 19)	
97	(97, 0, 7)	(97, 141, 1)	(97, 118, 10)	(97, 105, 40)	
98	(98, 84, 25)	(98, 114, 27)	
99	(99, 75, 15)	(99, 235, 53)	
100	(100, 48, 2)	(100, 101, 3)	(100, 215, 5)	
101	(101, 100, 3)	
102	(102, 210, 11)	
103	(103, 33, 14)	(103, 116, 0)	
104	(104, 228, 1)	(104, 202, 58)	(104, 79, 77)	
105	(105, 97, 40)	
106	(106, 226, 11)	
107	(107, 19, 29)	(107, 62, 2)	(107, 119, 36)	
108	(108, 28, 16)	(108, 200, 10)	
109	(109, 40, 32)	
110	(110, 47, 11)	
111	(111, 37, 24)	
112	(112, 0, 17)	(112, 126, 2)	(112, 113, 11)	
113	(113, 112, 11)	
114	(114, 98, 27)	
115	(115, 83, 14)	
116	(116, 103, 0)	
117	(117, 53, 11)	
118	(118, 97, 10)	(118, 214, 53)	
119	(119, 107, 36)	(119, 247, 4)	
120	(120, 227, 14)	
121	(121, 90, 11)	
122	(122, 199, 37)	
123	(123, 168, 35)	
124	(124, 172, 24)	
125	(125, 186, 46)	
126	(126, 112, 2)	(126, 254, 89)	
127	(127, 239, 44)	
128	(128, 8, 10)	(128, 132, 4)	(128, 171, 48)	
129	(129, 160, 0)	(129, 16, 2)	(129, 195, 5)	
130	(130, 160, 2)	(130, 154, 16)	(130, 151, 32)	
131	(131, 38, 7)	(131, 179, 2)	
132	(132, 128, 4)	(132, 135, 15)	
133	(133, 167, 6)	(133, 140, 16)	
134	(134, 1, 7)	(134, 143, 24)	(134, 231, 68)	
135	(135, 132, 15)	(135, 71, 29)	
136	(136, 174, 34)	(136, 234, 5)	
137	(137, 17, 8)	(137, 217, 11)	(137, 191, 34)	
138	(138, 216, 32)	(138, 174, 2)	
139	(139, 167, 14)	(139, 251, 58)	
140	(140, 133, 16)	(140, 12, 1)	
141	(141, 97, 1)	
142	(142, 200, 8)	
143	(143, 134, 24)	
144	(144, 16, 6)	(144, 29, 1)	
145	(145, 17, 8)	(145, 83, 2)	(145, 209, 3)	(145, 173, 4)	(145, 81, 11)	
146	(146, 18, 1)	(146, 158, 8)	
147	(147, 211, 9)	
148	(148, 163, 46)	
149	(149, 179, 29)	
150	(150, 240, 27)	
151	(151, 130, 32)	
152	(152, 156, 45)	
153	(153, 17, 6)	(153, 8, 11)	
154	(154, 130, 16)	
155	(155, 91, 40)	
156	(156, 10, 18)	(156, 152, 45)	
157	(157, 61, 11)	
158	(158, 146, 8)	(158, 187, 15)	(158, 47, 18)	
159	(159, 22, 20)	
160	(160, 177, 9)	(160, 129, 0)	(160, 130, 2)	(160, 32, 2)	(160, 188, 3)	(160, 242, 6)	(160, 4, 6)	
161	(161, 243, 11)	(161, 224, 3)	(161, 165, 7)	(161, 70, 25)	(161, 205, 40)	
162	(162, 60, 10)	
163	(163, 164, 33)	(163, 198, 13)	(163, 148, 46)	
164	(164, 0, 20)	(164, 163, 33)	(164, 252, 66)	
165	(165, 161, 7)	(165, 193, 27)	
166	(166, 245, 6)	
167	(167, 43, 5)	(167, 133, 6)	(167, 139, 14)	
168	(168, 170, 14)	(168, 225, 6)	(168, 248, 9)	(168, 123, 35)	(168, 238, 42)	
169	(169, 17, 80)	
170	(170, 11, 8)	(170, 168, 14)	
171	(171, 128, 48)	
172	(172, 36, 33)	(172, 124, 24)	
173	(173, 145, 4)	
174	(174, 138, 2)	(174, 175, 0)	(174, 136, 34)	
175	(175, 174, 0)	
176	(176, 182, 10)	(176, 226, 23)	
177	(177, 160, 9)	
178	(178, 3, 3)	
179	(179, 131, 2)	(179, 149, 29)	
180	(180, 37, 5)	
181	(181, 21, 6)	(181, 189, 7)	(181, 55, 18)	(181, 183, 45)	
182	(182, 20, 4)	(182, 176, 10)	
183	(183, 181, 45)	
184	(184, 188, 2)	(184, 60, 26)	
185	(185, 192, 25)	
186	(186, 187, 4)	(186, 208, 18)	(186, 125, 46)	
187	(187, 158, 15)	(187, 186, 4)	
188	(188, 160, 3)	(188, 184, 2)	
189	(189, 181, 7)	
190	(190, 8, 8)	
191	(191, 137, 34)	
192	(192, 74, 16)	(192, 197, 14)	(192, 185, 25)	(192, 204, 28)	
193	(193, 165, 27)	(193, 229, 41)	
194	(194, 38, 25)	(194, 64, 15)	
195	(195, 129, 5)	
196	(196, 200, 14)	(196, 86, 18)	
197	(197, 192, 14)	(197, 241, 6)	
198	(198, 163, 13)	
199	(199, 69, 15)	(199, 85, 2)	(199, 122, 37)	
200	(200, 108, 10)	(200, 142, 8)	(200, 196, 14)	
201	(201, 41, 7)	(201, 255, 84)	
202	(202, 104, 58)	
203	(203, 211, 46)	
204	(204, 192, 28)	
205	(205, 161, 40)	
206	(206, 230, 10)	
207	(207, 77, 36)	
208	(208, 186, 18)	
209	(209, 145, 3)	(209, 249, 17)	
210	(210, 16, 1)	(210, 102, 11)	
211	(211, 83, 15)	(211, 147, 9)	(211, 203, 46)	
212	(212, 216, 18)	(212, 213, 41)	
213	(213, 212, 41)	
214	(214, 118, 53)	
215	(215, 100, 5)	
216	(216, 80, 16)	(216, 212, 18)	(216, 138, 32)	
217	(217, 137, 11)	
218	(218, 80, 10)	
219	(219, 249, 0)	(219, 87, 11)	
220	(220, 64, 8)	
221	(221, 21, 13)	
222	(222, 68, 18)	
223	(223, 95, 15)	
224	(224, 161, 3)	
225	(225, 168, 6)	
226	(226, 176, 23)	(226, 239, 8)	(226, 106, 11)	
227	(227, 245, 10)	(227, 120, 14)	
228	(228, 4, 16)	(228, 104, 1)	
229	(229, 193, 41)	
230	(230, 2, 9)	(230, 206, 10)	
231	(231, 134, 68)	
232	(232, 64, 26)	(232, 93, 28)	
233	(233, 73, 4)	
234	(234, 136, 5)	(234, 46, 34)	
235	(235, 99, 53)	
236	(236, 46, 16)	
237	(237, 32, 15)	
238	(238, 168, 42)	
239	(239, 226, 8)	(239, 127, 44)	
240	(240, 48, 3)	(240, 150, 27)	
241	(241, 197, 6)	
242	(242, 160, 6)	
243	(243, 249, 0)	(243, 161, 11)	
244	(244, 252, 48)	
245	(245, 38, 15)	(245, 166, 6)	(245, 227, 10)	
246	(246, 247, 2)	
247	(247, 119, 4)	(247, 246, 2)	(247, 253, 3)	
248	(248, 168, 9)	
249	(249, 209, 17)	(249, 243, 0)	(249, 219, 0)	
250	(250, 94, 0)	
251	(251, 139, 58)	
252	(252, 164, 66)	(252, 244, 48)	
253	(253, 247, 3)	
254	(254, 126, 89)	
255	(255, 201, 84)	
