Min Cost: 8827
0	(0, 5, 2)	(0, 1, 2)	(0, 4, 6)	(0, 8, 6)	(0, 24, 7)	(0, 144, 8)	(0, 289, 12)	(0, 193, 15)	
1	(1, 0, 2)	(1, 48, 0)	(1, 401, 1)	(1, 25, 12)	
2	(2, 322, 7)	(2, 328, 6)	(2, 310, 7)	(2, 151, 12)	
3	(3, 33, 10)	(3, 23, 3)	(3, 21, 5)	(3, 73, 10)	(3, 138, 15)	
4	(4, 0, 6)	(4, 6, 5)	(4, 140, 6)	(4, 52, 7)	(4, 397, 44)	
5	(5, 0, 2)	(5, 14, 6)	(5, 421, 7)	(5, 453, 24)	(5, 417, 26)	(5, 10, 5)	
6	(6, 4, 5)	(6, 33, 1)	(6, 204, 6)	(6, 7, 8)	
7	(7, 6, 8)	(7, 211, 1)	(7, 222, 27)	(7, 448, 29)	
8	(8, 0, 6)	(8, 18, 1)	(8, 32, 5)	(8, 57, 18)	(8, 388, 21)	
9	(9, 289, 14)	(9, 41, 0)	(9, 187, 2)	
10	(10, 62, 25)	(10, 502, 33)	(10, 5, 5)	
11	(11, 16, 3)	(11, 27, 0)	
12	(12, 13, 13)	(12, 77, 3)	(12, 348, 7)	(12, 132, 7)	(12, 319, 13)	
13	(13, 296, 2)	(13, 155, 2)	(13, 92, 10)	(13, 12, 13)	
14	(14, 5, 6)	(14, 22, 10)	
15	(15, 127, 61)	
16	(16, 18, 6)	(16, 11, 3)	(16, 356, 6)	(16, 70, 7)	(16, 65, 26)	(16, 311, 70)	
17	(17, 29, 3)	(17, 409, 8)	(17, 280, 10)	
18	(18, 8, 1)	(18, 16, 6)	(18, 66, 11)	(18, 54, 12)	(18, 81, 15)	(18, 74, 21)	(18, 106, 36)	(18, 131, 38)	
19	(19, 33, 18)	(19, 219, 4)	
20	(20, 140, 4)	
21	(21, 3, 5)	(21, 84, 7)	(21, 273, 7)	(21, 327, 76)	
22	(22, 14, 10)	(22, 339, 31)	
23	(23, 3, 3)	(23, 442, 19)	(23, 117, 35)	
24	(24, 0, 7)	
25	(25, 1, 12)	(25, 157, 6)	(25, 411, 8)	
26	(26, 414, 6)	(26, 394, 7)	(26, 90, 35)	
27	(27, 11, 0)	(27, 28, 0)	(27, 258, 9)	(27, 87, 10)	(27, 31, 14)	(27, 83, 22)	
28	(28, 27, 0)	(28, 408, 2)	(28, 403, 17)	
29	(29, 73, 10)	(29, 17, 3)	
30	(30, 284, 8)	
31	(31, 27, 14)	(31, 63, 21)	(31, 159, 23)	(31, 149, 27)	
32	(32, 8, 5)	(32, 364, 2)	(32, 129, 4)	
33	(33, 6, 1)	(33, 269, 9)	(33, 3, 10)	(33, 19, 18)	
34	(34, 258, 10)	(34, 55, 6)	(34, 143, 8)	(34, 64, 10)	
35	(35, 50, 2)	
36	(36, 356, 7)	
37	(37, 276, 1)	(37, 163, 4)	(37, 59, 11)	(37, 249, 26)	
38	(38, 39, 10)	(38, 231, 3)	(38, 230, 21)	
39	(39, 275, 11)	(39, 103, 6)	(39, 38, 10)	
40	(40, 158, 32)	(40, 109, 11)	
41	(41, 9, 0)	(41, 235, 19)	(41, 237, 40)	
42	(42, 350, 12)	(42, 186, 24)	(42, 298, 40)	
43	(43, 73, 0)	
44	(44, 312, 6)	(44, 316, 0)	
45	(45, 316, 0)	(45, 174, 14)	
46	(46, 314, 35)	
47	(47, 98, 20)	(47, 190, 16)	
48	(48, 1, 0)	(48, 113, 25)	(48, 115, 37)	
49	(49, 288, 34)	
50	(50, 146, 1)	(50, 35, 2)	
51	(51, 273, 15)	(51, 126, 25)	
52	(52, 4, 7)	(52, 391, 2)	(52, 297, 18)	(52, 104, 21)	
53	(53, 82, 7)	(53, 169, 22)	
54	(54, 18, 12)	
55	(55, 34, 6)	(55, 274, 3)	(55, 353, 6)	(55, 101, 12)	(55, 110, 39)	
56	(56, 316, 6)	
57	(57, 8, 18)	(57, 58, 11)	(57, 443, 41)	
58	(58, 57, 11)	
59	(59, 37, 11)	
60	(60, 157, 28)	(60, 377, 2)	
61	(61, 63, 29)	
62	(62, 10, 25)	
63	(63, 31, 21)	(63, 61, 29)	
64	(64, 34, 10)	(64, 202, 1)	(64, 69, 5)	(64, 336, 7)	(64, 200, 10)	(64, 68, 11)	(64, 71, 15)	(64, 72, 19)	
65	(65, 16, 26)	(65, 111, 10)	
66	(66, 18, 11)	(66, 320, 3)	(66, 262, 11)	(66, 134, 11)	
67	(67, 210, 28)	
68	(68, 64, 11)	(68, 213, 4)	(68, 78, 10)	
69	(69, 64, 5)	(69, 112, 1)	(69, 376, 21)	(69, 244, 27)	
70	(70, 16, 7)	(70, 198, 0)	
71	(71, 64, 15)	
72	(72, 64, 19)	(72, 232, 5)	
73	(73, 3, 10)	(73, 43, 0)	(73, 488, 2)	(73, 29, 10)	
74	(74, 18, 21)	(74, 207, 69)	
75	(75, 257, 4)	(75, 122, 2)	(75, 330, 8)	
76	(76, 100, 15)	(76, 508, 4)	(76, 332, 4)	
77	(77, 12, 3)	(77, 201, 15)	
78	(78, 68, 10)	
79	(79, 313, 21)	
80	(80, 84, 0)	(80, 236, 11)	(80, 121, 81)	
81	(81, 18, 15)	(81, 253, 31)	
82	(82, 98, 0)	(82, 53, 7)	(82, 137, 25)	
83	(83, 27, 22)	
84	(84, 21, 7)	(84, 80, 0)	(84, 192, 1)	(84, 86, 22)	
85	(85, 201, 10)	
86	(86, 84, 22)	(86, 118, 26)	
87	(87, 27, 10)	(87, 223, 3)	
88	(88, 280, 8)	(88, 345, 14)	
89	(89, 377, 28)	(89, 346, 3)	
90	(90, 26, 35)	
91	(91, 415, 14)	
92	(92, 13, 10)	
93	(93, 121, 10)	
94	(94, 318, 5)	
95	(95, 195, 22)	(95, 380, 28)	
96	(96, 480, 8)	
97	(97, 358, 13)	(97, 241, 47)	
98	(98, 358, 8)	(98, 82, 0)	(98, 108, 10)	(98, 362, 15)	(98, 47, 20)	
99	(99, 198, 5)	
100	(100, 180, 6)	(100, 312, 9)	(100, 76, 15)	(100, 212, 19)	(100, 102, 36)	
101	(101, 55, 12)	
102	(102, 100, 36)	(102, 250, 73)	
103	(103, 39, 6)	
104	(104, 52, 21)	(104, 221, 14)	(104, 105, 19)	
105	(105, 104, 19)	(105, 107, 19)	
106	(106, 18, 36)	(106, 482, 45)	(106, 383, 85)	
107	(107, 105, 19)	(107, 301, 32)	
108	(108, 98, 10)	(108, 293, 7)	
109	(109, 40, 11)	
110	(110, 55, 39)	(110, 365, 21)	
111	(111, 65, 10)	(111, 119, 6)	
112	(112, 69, 1)	(112, 291, 11)	
113	(113, 48, 25)	
114	(114, 346, 16)	
115	(115, 48, 37)	
116	(116, 128, 18)	(116, 218, 23)	
117	(117, 23, 35)	
118	(118, 86, 26)	(118, 343, 57)	
119	(119, 111, 6)	
120	(120, 137, 29)	
121	(121, 80, 81)	(121, 93, 10)	
122	(122, 75, 2)	(122, 314, 19)	
123	(123, 370, 52)	
124	(124, 299, 9)	
125	(125, 155, 11)	
126	(126, 51, 25)	
127	(127, 308, 26)	(127, 15, 61)	
128	(128, 262, 6)	(128, 130, 1)	(128, 344, 3)	(128, 480, 5)	(128, 352, 7)	(128, 145, 8)	(128, 176, 10)	(128, 116, 18)	
129	(129, 32, 4)	
130	(130, 128, 1)	(130, 224, 5)	(130, 135, 14)	(130, 472, 48)	
131	(131, 18, 38)	
132	(132, 12, 7)	(132, 420, 8)	
133	(133, 161, 4)	(133, 276, 6)	(133, 165, 7)	(133, 206, 8)	
134	(134, 66, 11)	(134, 146, 12)	
135	(135, 130, 14)	
136	(136, 204, 23)	(136, 160, 3)	(136, 335, 10)	(136, 428, 10)	(136, 139, 14)	
137	(137, 82, 25)	(137, 120, 29)	
138	(138, 3, 15)	(138, 170, 14)	(138, 168, 24)	
139	(139, 136, 14)	(139, 435, 25)	(139, 399, 26)	
140	(140, 4, 6)	(140, 20, 4)	
141	(141, 204, 6)	(141, 503, 3)	(141, 195, 10)	
142	(142, 324, 5)	(142, 172, 8)	(142, 255, 43)	
143	(143, 34, 8)	(143, 300, 0)	
144	(144, 0, 8)	(144, 473, 28)	
145	(145, 128, 8)	(145, 154, 11)	
146	(146, 134, 12)	(146, 50, 1)	(146, 210, 4)	(146, 158, 30)	
147	(147, 150, 14)	(147, 179, 24)	
148	(148, 165, 0)	(148, 181, 10)	(148, 446, 13)	
149	(149, 31, 27)	(149, 216, 29)	
150	(150, 454, 11)	(150, 147, 14)	
151	(151, 2, 12)	(151, 191, 45)	
152	(152, 280, 0)	(152, 184, 2)	(152, 412, 31)	
153	(153, 229, 36)	
154	(154, 145, 11)	(154, 180, 13)	
155	(155, 13, 2)	(155, 125, 11)	(155, 251, 17)	(155, 507, 61)	
156	(156, 172, 11)	
157	(157, 25, 6)	(157, 279, 6)	(157, 477, 16)	(157, 413, 18)	(157, 60, 28)	
158	(158, 146, 30)	(158, 40, 32)	
159	(159, 31, 23)	
160	(160, 136, 3)	(160, 234, 3)	
161	(161, 401, 4)	(161, 379, 0)	(161, 240, 4)	(161, 133, 4)	(161, 205, 11)	
162	(162, 258, 0)	
163	(163, 37, 4)	
164	(164, 176, 1)	
165	(165, 133, 7)	(165, 148, 0)	(165, 183, 15)	
166	(166, 292, 0)	(166, 182, 6)	
167	(167, 420, 1)	
168	(168, 138, 24)	
169	(169, 53, 22)	(169, 425, 17)	
170	(170, 138, 14)	(170, 392, 24)	
171	(171, 399, 35)	
172	(172, 142, 8)	(172, 156, 11)	(172, 175, 33)	
173	(173, 413, 39)	
174	(174, 45, 14)	(174, 426, 3)	
175	(175, 172, 33)	
176	(176, 128, 10)	(176, 164, 1)	(176, 424, 63)	
177	(177, 457, 3)	
178	(178, 486, 2)	
179	(179, 147, 24)	
180	(180, 154, 13)	(180, 100, 6)	
181	(181, 148, 10)	
182	(182, 166, 6)	
183	(183, 165, 15)	
184	(184, 152, 2)	
185	(185, 256, 18)	(185, 436, 14)	
186	(186, 42, 24)	
187	(187, 9, 2)	(187, 215, 11)	(187, 441, 14)	(187, 315, 28)	
188	(188, 510, 2)	(188, 189, 8)	
189	(189, 188, 8)	(189, 349, 0)	
190	(190, 47, 16)	
191	(191, 151, 45)	
192	(192, 84, 1)	(192, 217, 30)	
193	(193, 0, 15)	(193, 393, 14)	
194	(194, 504, 8)	
195	(195, 141, 10)	(195, 95, 22)	(195, 248, 29)	(195, 199, 56)	
196	(196, 197, 12)	(196, 494, 9)	
197	(197, 328, 10)	(197, 196, 12)	
198	(198, 70, 0)	(198, 99, 5)	(198, 464, 17)	
199	(199, 195, 56)	
200	(200, 64, 10)	
201	(201, 77, 15)	(201, 85, 10)	
202	(202, 64, 1)	(202, 458, 28)	
203	(203, 235, 2)	
204	(204, 6, 6)	(204, 141, 6)	(204, 136, 23)	
205	(205, 161, 11)	(205, 396, 2)	(205, 495, 14)	
206	(206, 133, 8)	
207	(207, 74, 69)	
208	(208, 229, 11)	(208, 489, 31)	(208, 331, 62)	
209	(209, 464, 0)	(209, 504, 19)	
210	(210, 146, 4)	(210, 67, 28)	
211	(211, 7, 1)	
212	(212, 100, 19)	
213	(213, 68, 4)	
214	(214, 370, 7)	
215	(215, 187, 11)	
216	(216, 149, 29)	
217	(217, 192, 30)	
218	(218, 116, 23)	
219	(219, 19, 4)	
220	(220, 248, 10)	(220, 342, 42)	
221	(221, 104, 14)	(221, 471, 52)	
222	(222, 7, 27)	
223	(223, 87, 3)	
224	(224, 130, 5)	(224, 252, 16)	
225	(225, 266, 19)	(225, 461, 58)	
226	(226, 385, 31)	(226, 354, 25)	
227	(227, 229, 4)	(227, 245, 31)	
228	(228, 280, 2)	
229	(229, 404, 3)	(229, 227, 4)	(229, 208, 11)	(229, 153, 36)	
230	(230, 38, 21)	(230, 242, 36)	
231	(231, 38, 3)	
232	(232, 72, 5)	
233	(233, 238, 37)	
234	(234, 160, 3)	
235	(235, 41, 19)	(235, 203, 2)	(235, 239, 25)	
236	(236, 80, 11)	
237	(237, 41, 40)	(237, 238, 35)	
238	(238, 237, 35)	(238, 233, 37)	
239	(239, 235, 25)	
240	(240, 161, 4)	(240, 243, 25)	
241	(241, 97, 47)	
242	(242, 230, 36)	
243	(243, 240, 25)	
244	(244, 69, 27)	
245	(245, 227, 31)	
246	(246, 422, 12)	
247	(247, 379, 8)	
248	(248, 195, 29)	(248, 220, 10)	
249	(249, 37, 26)	(249, 357, 11)	
250	(250, 102, 73)	
251	(251, 155, 17)	
252	(252, 224, 16)	(252, 439, 18)	
253	(253, 81, 31)	
254	(254, 463, 2)	
255	(255, 142, 43)	
256	(256, 276, 9)	(256, 185, 18)	(256, 340, 21)	(256, 432, 24)	
257	(257, 394, 11)	(257, 75, 4)	(257, 325, 7)	(257, 368, 26)	
258	(258, 27, 9)	(258, 162, 0)	(258, 323, 6)	(258, 422, 9)	(258, 34, 10)	
259	(259, 291, 9)	(259, 261, 6)	
260	(260, 264, 7)	(260, 460, 6)	(260, 369, 9)	(260, 308, 38)	
261	(261, 259, 6)	(261, 263, 1)	(261, 307, 8)	(261, 324, 10)	
262	(262, 66, 11)	(262, 404, 3)	(262, 128, 6)	
263	(263, 261, 1)	
264	(264, 447, 12)	(264, 260, 7)	
265	(265, 305, 39)	
266	(266, 386, 16)	(266, 225, 19)	
267	(267, 293, 89)	(267, 293, 89)	
268	(268, 480, 18)	
269	(269, 33, 9)	
270	(270, 390, 18)	
271	(271, 286, 33)	
272	(272, 404, 10)	(272, 410, 23)	
273	(273, 21, 7)	(273, 51, 15)	
274	(274, 55, 3)	(274, 445, 1)	(274, 390, 11)	(274, 304, 15)	(274, 483, 48)	
275	(275, 276, 0)	(275, 39, 11)	(275, 475, 21)	
276	(276, 133, 6)	(276, 275, 0)	(276, 37, 1)	(276, 256, 9)	
277	(277, 326, 7)	(277, 284, 8)	(277, 386, 8)	
278	(278, 398, 10)	(278, 306, 10)	(278, 282, 21)	
279	(279, 157, 6)	
280	(280, 17, 10)	(280, 387, 0)	(280, 152, 0)	(280, 228, 2)	(280, 88, 8)	
281	(281, 285, 30)	
282	(282, 278, 21)	
283	(283, 336, 3)	
284	(284, 277, 8)	(284, 30, 8)	
285	(285, 370, 39)	(285, 281, 30)	
286	(286, 345, 40)	(286, 271, 33)	
287	(287, 398, 57)	
288	(288, 352, 6)	(288, 416, 5)	(288, 505, 15)	(288, 49, 34)	
289	(289, 0, 12)	(289, 385, 7)	(289, 292, 9)	(289, 9, 14)	(289, 295, 27)	(289, 359, 76)	
290	(290, 398, 1)	(290, 370, 7)	
291	(291, 112, 11)	(291, 259, 9)	
292	(292, 289, 9)	(292, 166, 0)	(292, 358, 2)	(292, 309, 33)	
293	(293, 108, 7)	(293, 267, 89)	(293, 267, 89)	
294	(294, 306, 3)	
295	(295, 289, 27)	
296	(296, 300, 2)	(296, 13, 2)	(296, 317, 11)	(296, 313, 17)	(296, 303, 61)	
297	(297, 52, 18)	
298	(298, 42, 40)	
299	(299, 305, 0)	(299, 124, 9)	(299, 447, 12)	
300	(300, 143, 0)	(300, 296, 2)	
301	(301, 107, 32)	
302	(302, 318, 11)	
303	(303, 296, 61)	
304	(304, 274, 15)	
305	(305, 441, 18)	(305, 299, 0)	(305, 451, 21)	(305, 481, 29)	(305, 265, 39)	
306	(306, 278, 10)	(306, 294, 3)	
307	(307, 261, 8)	
308	(308, 260, 38)	(308, 127, 26)	
309	(309, 292, 33)	(309, 360, 30)	
310	(310, 2, 7)	(310, 406, 4)	
311	(311, 16, 70)	
312	(312, 100, 9)	(312, 44, 6)	
313	(313, 296, 17)	(313, 79, 21)	
314	(314, 122, 19)	(314, 46, 35)	
315	(315, 187, 28)	
316	(316, 44, 0)	(316, 45, 0)	(316, 56, 6)	
317	(317, 296, 11)	
318	(318, 350, 9)	(318, 94, 5)	(318, 302, 11)	
319	(319, 12, 13)	(319, 367, 19)	
320	(320, 66, 3)	(320, 322, 1)	
321	(321, 326, 15)	
322	(322, 320, 1)	(322, 2, 7)	
323	(323, 258, 6)	
324	(324, 261, 10)	(324, 142, 5)	(324, 456, 13)	
325	(325, 257, 7)	
326	(326, 406, 8)	(326, 277, 7)	(326, 398, 10)	(326, 321, 15)	
327	(327, 21, 76)	
328	(328, 2, 6)	(328, 197, 10)	
329	(329, 378, 28)	
330	(330, 75, 8)	(330, 378, 30)	
331	(331, 208, 62)	
332	(332, 76, 4)	(332, 457, 9)	(332, 333, 20)	(332, 467, 48)	(332, 506, 52)	
333	(333, 332, 20)	
334	(334, 509, 47)	
335	(335, 136, 10)	
336	(336, 64, 7)	(336, 283, 3)	(336, 338, 15)	
337	(337, 505, 20)	(337, 371, 48)	
338	(338, 336, 15)	(338, 372, 23)	
339	(339, 22, 31)	
340	(340, 256, 21)	
341	(341, 448, 12)	
342	(342, 220, 42)	(342, 462, 24)	
343	(343, 118, 57)	
344	(344, 128, 3)	
345	(345, 88, 14)	(345, 469, 30)	(345, 286, 40)	
346	(346, 89, 3)	(346, 114, 16)	
347	(347, 394, 3)	
348	(348, 12, 7)	(348, 444, 20)	
349	(349, 189, 0)	
350	(350, 410, 18)	(350, 318, 9)	(350, 42, 12)	
351	(351, 403, 56)	
352	(352, 128, 7)	(352, 288, 6)	
353	(353, 55, 6)	
354	(354, 226, 25)	
355	(355, 371, 42)	
356	(356, 16, 6)	(356, 36, 7)	
357	(357, 249, 11)	(357, 375, 5)	(357, 452, 25)	
358	(358, 292, 2)	(358, 98, 8)	(358, 97, 13)	
359	(359, 289, 76)	
360	(360, 309, 30)	
361	(361, 489, 3)	
362	(362, 98, 15)	
363	(363, 509, 5)	(363, 493, 12)	
364	(364, 32, 2)	
365	(365, 110, 21)	(365, 381, 30)	
366	(366, 415, 12)	
367	(367, 319, 19)	(367, 500, 5)	(367, 431, 58)	
368	(368, 257, 26)	
369	(369, 260, 9)	(369, 484, 17)	
370	(370, 290, 7)	(370, 498, 0)	(370, 214, 7)	(370, 285, 39)	(370, 123, 52)	
371	(371, 337, 48)	(371, 355, 42)	
372	(372, 338, 23)	(372, 468, 44)	
373	(373, 453, 12)	
374	(374, 402, 2)	
375	(375, 357, 5)	
376	(376, 69, 21)	
377	(377, 60, 2)	(377, 89, 28)	
378	(378, 330, 30)	(378, 329, 28)	
379	(379, 161, 0)	(379, 247, 8)	(379, 509, 11)	
380	(380, 95, 28)	
381	(381, 365, 30)	
382	(382, 509, 5)	(382, 463, 2)	
383	(383, 106, 85)	
384	(384, 401, 0)	(384, 459, 24)	
385	(385, 289, 7)	(385, 226, 31)	
386	(386, 277, 8)	(386, 266, 16)	
387	(387, 280, 0)	
388	(388, 8, 21)	(388, 455, 83)	
389	(389, 484, 1)	
390	(390, 274, 11)	(390, 270, 18)	
391	(391, 52, 2)	
392	(392, 170, 24)	(392, 479, 74)	
393	(393, 193, 14)	
394	(394, 26, 7)	(394, 347, 3)	(394, 257, 11)	
395	(395, 456, 15)	
396	(396, 205, 2)	(396, 415, 0)	
397	(397, 4, 44)	
398	(398, 326, 10)	(398, 290, 1)	(398, 278, 10)	(398, 287, 57)	
399	(399, 139, 26)	(399, 171, 35)	
400	(400, 416, 6)	(400, 470, 13)	
401	(401, 1, 1)	(401, 384, 0)	(401, 402, 4)	(401, 161, 4)	(401, 491, 59)	
402	(402, 401, 4)	(402, 374, 2)	
403	(403, 28, 17)	(403, 351, 56)	
404	(404, 262, 3)	(404, 229, 3)	(404, 272, 10)	
405	(405, 437, 70)	
406	(406, 310, 4)	(406, 326, 8)	(406, 492, 41)	
407	(407, 469, 24)	
408	(408, 28, 2)	
409	(409, 17, 8)	(409, 465, 5)	
410	(410, 272, 23)	(410, 350, 18)	(410, 450, 49)	
411	(411, 25, 8)	
412	(412, 152, 31)	
413	(413, 157, 18)	(413, 173, 39)	
414	(414, 456, 0)	(414, 26, 6)	
415	(415, 396, 0)	(415, 366, 12)	(415, 91, 14)	
416	(416, 288, 5)	(416, 400, 6)	
417	(417, 5, 26)	(417, 485, 3)	(417, 499, 33)	
418	(418, 500, 2)	(418, 419, 25)	
419	(419, 418, 25)	(419, 429, 52)	
420	(420, 132, 8)	(420, 167, 1)	
421	(421, 5, 7)	
422	(422, 258, 9)	(422, 246, 12)	
423	(423, 488, 43)	
424	(424, 176, 63)	(424, 440, 46)	
425	(425, 169, 17)	
426	(426, 174, 3)	(426, 427, 52)	
427	(427, 426, 52)	
428	(428, 136, 10)	
429	(429, 419, 52)	
430	(430, 442, 3)	
431	(431, 367, 58)	
432	(432, 256, 24)	
433	(433, 489, 0)	(433, 434, 12)	
434	(434, 433, 12)	
435	(435, 139, 25)	
436	(436, 185, 14)	
437	(437, 445, 50)	(437, 405, 70)	
438	(438, 454, 83)	
439	(439, 252, 18)	
440	(440, 424, 46)	
441	(441, 187, 14)	(441, 305, 18)	
442	(442, 23, 19)	(442, 430, 3)	
443	(443, 57, 41)	
444	(444, 348, 20)	
445	(445, 274, 1)	(445, 437, 50)	
446	(446, 148, 13)	(446, 501, 28)	
447	(447, 299, 12)	(447, 264, 12)	
448	(448, 7, 29)	(448, 449, 11)	(448, 341, 12)	
449	(449, 448, 11)	
450	(450, 410, 49)	
451	(451, 305, 21)	
452	(452, 357, 25)	
453	(453, 5, 24)	(453, 373, 12)	
454	(454, 510, 6)	(454, 150, 11)	(454, 486, 41)	(454, 438, 83)	
455	(455, 388, 83)	
456	(456, 324, 13)	(456, 414, 0)	(456, 395, 15)	
457	(457, 332, 9)	(457, 177, 3)	
458	(458, 202, 28)	(458, 490, 25)	
459	(459, 384, 24)	
460	(460, 260, 6)	
461	(461, 225, 58)	
462	(462, 342, 24)	
463	(463, 382, 2)	(463, 254, 2)	(463, 478, 10)	
464	(464, 198, 17)	(464, 209, 0)	
465	(465, 409, 5)	(465, 496, 33)	
466	(466, 498, 23)	
467	(467, 332, 48)	
468	(468, 372, 44)	
469	(469, 345, 30)	(469, 407, 24)	
470	(470, 400, 13)	(470, 474, 35)	
471	(471, 221, 52)	
472	(472, 130, 48)	
473	(473, 144, 28)	
474	(474, 470, 35)	
475	(475, 275, 21)	
476	(476, 498, 11)	
477	(477, 157, 16)	
478	(478, 463, 10)	(478, 487, 0)	
479	(479, 392, 74)	
480	(480, 128, 5)	(480, 96, 8)	(480, 268, 18)	
481	(481, 305, 29)	
482	(482, 106, 45)	
483	(483, 274, 48)	
484	(484, 369, 17)	(484, 389, 1)	
485	(485, 417, 3)	
486	(486, 454, 41)	(486, 178, 2)	
487	(487, 478, 0)	
488	(488, 73, 2)	(488, 423, 43)	
489	(489, 208, 31)	(489, 433, 0)	(489, 361, 3)	
490	(490, 458, 25)	(490, 511, 18)	
491	(491, 401, 59)	
492	(492, 406, 41)	
493	(493, 363, 12)	
494	(494, 196, 9)	
495	(495, 205, 14)	
496	(496, 465, 33)	
497	(497, 506, 49)	
498	(498, 370, 0)	(498, 476, 11)	(498, 466, 23)	
499	(499, 417, 33)	
500	(500, 367, 5)	(500, 418, 2)	
501	(501, 446, 28)	
502	(502, 10, 33)	
503	(503, 141, 3)	
504	(504, 209, 19)	(504, 194, 8)	
505	(505, 288, 15)	(505, 337, 20)	
506	(506, 332, 52)	(506, 497, 49)	
507	(507, 155, 61)	
508	(508, 76, 4)	(508, 510, 15)	
509	(509, 379, 11)	(509, 382, 5)	(509, 363, 5)	(509, 334, 47)	
510	(510, 508, 15)	(510, 188, 2)	(510, 454, 6)	
511	(511, 490, 18)	
